0
1
2
3
4
5
6
7
8
9
10
11
12
13
14
15
16
17
18
19
20
21
22
23
24
25
26
27
28
29
30
31
32
33
34
35
36
37
38
39
40
41
42
43
44
45
46
47
48
49
50
51
52
53
54
55
56
57
58
59
60
61
62
63
64
65
66
67
68
69
70
71
72
73
74
75
76
77
78
79
80
81
82
83
84
85
86
87
88
89
90
91
92
93
94
95
96
97
98
99
100
101
102
103
104
105
106
107
108
109
110
111
112
113
114
115
116
117
118
119
120
121
122
123
124
125
126
127
128
129
130
131
132
133
134
135
136
137
138
139
140
141
142
143
144
145
146
147
148
149
150
151
152
153
154
155
156
157
158
159
160
161
162
163
164
165
166
167
168
169
170
171
172
173
174
175
176
177
178
179
180
181
182
183
184
185
186
187
188
189
190
191
192
193
194
195
196
197
198
199
200
201
202
203
204
205
206
207
208
209
210
211
212
213
214
215
216
217
218
219
220
221
222
223
224
225
226
227
228
229
230
231
232
233
234
235
236
237
238
239
240
241
242
243
244
245
246
247
248
249
250
251
252
253
254
255
256
257
258
259
260
261
262
263
264
265
266
267
268
269
270
271
272
273
274
275
276
277
278
279
280
281
282
283
284
285
286
287
288
289
290
291
292
293
294
295
296
297
298
299
300
301
302
303
304
305
306
307
308
309
310
311
312
313
314
315
316
317
318
319
320
321
322
323
324
325
326
327
328
329
330
331
332
333
334
335
336
337
338
339
340
341
342
343
344
345
346
347
348
349
350
351
352
353
354
355
356
357
358
359
360
361
362
363
364
365
366
367
368
369
370
371
372
373
374
375
376
377
378
379
380
381
382
383
384
385
386
387
388
389
390
391
392
393
394
395
396
397
398
399
400
401
402
403
404
405
406
407
408
409
410
411
412
413
414
415
416
417
418
419
420
421
422
423
424
425
426
427
428
429
430
431
432
433
434
435
436
437
438
439
440
441
442
443
444
445
446
447
448
449
450
451
452
453
454
455
456
457
458
459
460
461
462
463
464
465
466
467
468
469
470
471
472
473
474
475
476
477
478
479
480
481
482
483
484
485
486
487
488
489
490
491
492
493
494
495
496
497
498
499
500
501
502
503
504
505
506
507
508
509
510
511
512
513
514
515
516
517
518
519
520
521
522
523
524
525
526
527
528
529
530
531
532
533
534
535
536
537
538
539
540
541
542
543
544
545
546
547
548
549
550
551
552
553
554
555
556
557
558
559
560
561
562
563
564
565
566
567
568
569
570
571
572
573
574
575
576
577
578
579
580
581
582
583
584
585
586
587
588
589
590
591
592
593
594
595
596
597
598
599
600
601
602
603
604
605
606
607
608
609
610
611
612
613
614
615
616
617
618
619
620
621
622
623
624
625
626
627
628
629
630
631
632
633
634
635
636
637
638
639
640
641
642
643
644
645
646
647
648
649
650
651
652
653
654
655
656
657
658
659
660
661
662
663
664
665
666
667
668
669
670
671
672
673
674
675
676
677
678
679
680
681
682
683
684
685
686
687
688
689
690
691
692
693
694
695
696
697
698
699
700
701
702
703
704
705
706
707
708
709
710
711
712
713
714
715
716
717
718
719
720
721
722
723
724
725
726
727
728
729
730
731
732
733
734
735
736
737
738
739
740
741
742
743
744
745
746
747
748
749
750
751
752
753
754
755
756
757
758
759
760
761
762
763
764
765
766
767
768
769
770
771
772
773
774
775
776
777
778
779
780
781
782
783
784
785
786
787
788
789
790
791
792
793
794
795
796
797
798
799
800
801
802
803
804
805
806
807
808
809
810
811
812
813
814
815
816
817
818
819
820
821
822
823
824
825
826
827
828
829
830
831
832
833
834
835
836
837
838
839
840
841
842
843
844
845
846
847
848
849
850
851
852
853
854
855
856
857
858
859
860
861
862
863
864
865
866
867
868
869
870
871
872
873
874
875
876
877
878
879
880
881
882
883
884
885
886
887
888
889
890
891
892
893
894
895
896
897
898
899
900
901
902
903
904
905
906
907
908
909
910
911
912
913
914
915
916
917
918
919
920
921
922
923
924
925
926
927
928
929
930
931
932
933
934
935
936
937
938
939
940
941
942
943
944
945
946
947
948
949
950
951
952
953
954
955
956
957
958
959
960
961
962
963
964
965
966
967
968
969
970
971
972
973
974
975
976
977
978
979
980
981
982
983
984
985
986
987
988
989
990
991
992
993
994
995
996
997
998
999
1000
1001
1002
1003
1004
1005
1006
1007
1008
1009
1010
1011
1012
1013
1014
1015
1016
1017
1018
1019
1020
1021
1022
1023
1024
1025
1026
1027
1028
1029
1030
1031
1032
1033
1034
1035
1036
1037
1038
1039
1040
1041
1042
1043
1044
1045
1046
1047
1048
1049
1050
1051
1052
1053
1054
1055
1056
1057
1058
1059
1060
1061
1062
1063
1064
1065
1066
1067
1068
1069
1070
1071
1072
1073
1074
1075
1076
1077
1078
1079
1080
1081
1082
1083
1084
1085
1086
1087
1088
1089
1090
1091
1092
1093
1094
1095
1096
1097
1098
1099
1100
1101
1102
1103
1104
1105
1106
1107
1108
1109
1110
1111
1112
1113
1114
1115
1116
1117
1118
1119
1120
1121
1122
1123
1124
1125
1126
1127
1128
1129
1130
1131
1132
1133
1134
1135
1136
1137
1138
1139
1140
1141
1142
1143
1144
1145
1146
1147
1148
1149
1150
1151
1152
1153
1154
1155
1156
1157
1158
1159
1160
1161
1162
1163
1164
1165
1166
1167
1168
1169
1170
1171
1172
1173
1174
1175
1176
1177
1178
1179
1180
1181
1182
1183
1184
1185
1186
1187
1188
1189
1190
1191
1192
1193
1194
1195
1196
1197
1198
1199
1200
1201
1202
1203
1204
1205
1206
1207
1208
1209
1210
1211
1212
1213
1214
1215
1216
1217
1218
1219
1220
1221
1222
1223
1224
1225
1226
1227
1228
1229
1230
1231
1232
1233
1234
1235
1236
1237
1238
1239
1240
1241
1242
1243
1244
1245
1246
1247
1248
1249
1250
1251
1252
1253
1254
1255
1256
1257
1258
1259
1260
1261
1262
1263
1264
1265
1266
1267
1268
1269
1270
1271
1272
1273
1274
1275
1276
1277
1278
1279
1280
1281
1282
1283
1284
1285
1286
1287
1288
1289
1290
1291
1292
1293
1294
1295
1296
1297
1298
1299
1300
1301
1302
1303
1304
1305
1306
1307
1308
1309
1310
1311
1312
1313
1314
1315
1316
1317
1318
1319
1320
1321
1322
1323
1324
1325
1326
1327
1328
1329
1330
1331
1332
1333
1334
1335
1336
1337
1338
1339
1340
1341
1342
1343
1344
1345
1346
1347
1348
1349
1350
1351
1352
1353
1354
1355
1356
1357
1358
1359
1360
1361
1362
1363
1364
1365
1366
1367
1368
1369
1370
1371
1372
1373
1374
1375
1376
1377
1378
1379
1380
1381
1382
1383
1384
1385
1386
1387
1388
1389
1390
1391
1392
1393
1394
1395
1396
1397
1398
1399
1400
1401
1402
1403
1404
1405
1406
1407
1408
1409
1410
1411
1412
1413
1414
1415
1416
1417
1418
1419
1420
1421
1422
1423
1424
1425
1426
1427
1428
1429
1430
1431
1432
1433
1434
1435
1436
1437
1438
1439
1440
1441
1442
1443
1444
1445
1446
1447
1448
1449
1450
1451
1452
1453
1454
1455
1456
1457
1458
1459
1460
1461
1462
1463
1464
1465
1466
1467
1468
1469
1470
1471
1472
1473
1474
1475
1476
1477
1478
1479
1480
1481
1482
1483
1484
1485
1486
1487
1488
1489
1490
1491
1492
1493
1494
1495
1496
1497
1498
1499
1500
1501
1502
1503
1504
1505
1506
1507
1508
1509
1510
1511
1512
1513
1514
1515
1516
1517
1518
1519
1520
1521
1522
1523
1524
1525
1526
1527
1528
1529
1530
1531
1532
1533
1534
1535
1536
1537
1538
1539
1540
1541
1542
1543
1544
1545
1546
1547
1548
1549
1550
1551
1552
1553
1554
1555
1556
1557
1558
1559
1560
1561
1562
1563
1564
1565
1566
1567
1568
1569
1570
1571
1572
1573
1574
1575
1576
1577
1578
1579
1580
1581
1582
1583
1584
1585
1586
1587
1588
1589
1590
1591
1592
1593
1594
1595
1596
1597
1598
1599
1600
1601
1602
1603
1604
1605
1606
1607
1608
1609
1610
1611
1612
1613
1614
1615
1616
1617
1618
1619
1620
1621
1622
1623
1624
1625
1626
1627
1628
1629
1630
1631
1632
1633
1634
1635
1636
1637
1638
1639
1640
1641
1642
1643
1644
1645
1646
1647
1648
1649
1650
1651
1652
1653
1654
1655
1656
1657
1658
1659
1660
1661
1662
1663
1664
1665
1666
1667
1668
1669
1670
1671
1672
1673
1674
1675
1676
1677
1678
1679
1680
1681
1682
1683
1684
1685
1686
1687
1688
1689
1690
1691
1692
1693
1694
1695
1696
1697
1698
1699
1700
1701
1702
1703
1704
1705
1706
1707
1708
1709
1710
1711
1712
1713
1714
1715
1716
1717
1718
1719
1720
1721
1722
1723
1724
1725
1726
1727
1728
1729
1730
1731
1732
1733
1734
1735
1736
1737
1738
1739
1740
1741
1742
1743
1744
1745
1746
1747
1748
1749
1750
1751
1752
1753
1754
1755
1756
1757
1758
1759
1760
1761
1762
1763
1764
1765
1766
1767
1768
1769
1770
1771
1772
1773
1774
1775
1776
1777
1778
1779
1780
1781
1782
1783
1784
1785
1786
1787
1788
1789
1790
1791
1792
1793
1794
1795
1796
1797
1798
1799
1800
1801
1802
1803
1804
1805
1806
1807
1808
1809
1810
1811
1812
1813
1814
1815
1816
1817
1818
1819
1820
1821
1822
1823
1824
1825
1826
1827
1828
1829
1830
1831
1832
1833
1834
1835
1836
1837
1838
1839
1840
1841
1842
1843
1844
1845
1846
1847
1848
1849
1850
1851
1852
1853
1854
1855
1856
1857
1858
1859
1860
1861
1862
1863
1864
1865
1866
1867
1868
1869
1870
1871
1872
1873
1874
1875
1876
1877
1878
1879
1880
1881
1882
1883
1884
1885
1886
1887
1888
1889
1890
1891
1892
1893
1894
1895
1896
1897
1898
1899
1900
1901
1902
1903
1904
1905
1906
1907
1908
1909
1910
1911
1912
1913
1914
1915
1916
1917
1918
1919
1920
1921
1922
1923
1924
1925
1926
1927
1928
1929
1930
1931
1932
1933
1934
1935
1936
1937
1938
1939
1940
1941
1942
1943
1944
1945
1946
1947
1948
1949
1950
1951
1952
1953
1954
1955
1956
1957
1958
1959
1960
1961
1962
1963
1964
1965
1966
1967
1968
1969
1970
1971
1972
1973
1974
1975
1976
1977
1978
1979
1980
1981
1982
1983
1984
1985
1986
1987
1988
1989
1990
1991
1992
1993
1994
1995
1996
1997
1998
1999
2000
2001
2002
2003
2004
2005
2006
2007
2008
2009
2010
2011
2012
2013
2014
2015
2016
2017
2018
2019
2020
2021
2022
2023
2024
2025
2026
2027
2028
2029
2030
2031
2032
2033
2034
2035
2036
2037
2038
2039
2040
2041
2042
2043
2044
2045
2046
2047
2048
2049
2050
2051
2052
2053
2054
2055
2056
2057
2058
2059
2060
2061
2062
2063
2064
2065
2066
2067
2068
2069
2070
2071
2072
2073
2074
2075
2076
2077
2078
2079
2080
2081
2082
2083
2084
2085
2086
2087
2088
2089
2090
2091
2092
2093
2094
2095
2096
2097
2098
2099
2100
2101
2102
2103
2104
2105
2106
2107
2108
2109
2110
2111
2112
2113
2114
2115
2116
2117
2118
2119
2120
2121
2122
2123
2124
2125
2126
2127
2128
2129
2130
2131
2132
2133
2134
2135
2136
2137
2138
2139
2140
2141
2142
2143
2144
2145
2146
2147
2148
2149
2150
2151
2152
2153
2154
2155
2156
2157
2158
2159
2160
2161
2162
2163
2164
2165
2166
2167
2168
2169
2170
2171
2172
2173
2174
2175
2176
2177
2178
2179
2180
2181
2182
2183
2184
2185
2186
2187
2188
2189
2190
2191
2192
2193
2194
2195
2196
2197
2198
2199
2200
2201
2202
2203
2204
2205
2206
2207
2208
2209
2210
2211
2212
2213
2214
2215
2216
2217
2218
2219
2220
2221
2222
2223
2224
2225
2226
2227
2228
2229
2230
2231
2232
2233
2234
2235
2236
2237
2238
2239
2240
2241
2242
2243
2244
2245
2246
2247
2248
2249
2250
2251
2252
2253
2254
2255
2256
2257
2258
2259
2260
2261
2262
2263
2264
2265
2266
2267
2268
2269
2270
2271
2272
2273
2274
2275
2276
2277
2278
2279
2280
2281
2282
2283
2284
2285
2286
2287
2288
2289
2290
2291
2292
2293
2294
2295
2296
2297
2298
2299
2300
2301
2302
2303
2304
2305
2306
2307
2308
2309
2310
2311
2312
2313
2314
2315
2316
2317
2318
2319
2320
2321
2322
2323
2324
2325
2326
2327
2328
2329
2330
2331
2332
2333
2334
2335
2336
2337
2338
2339
2340
2341
2342
2343
2344
2345
2346
2347
2348
2349
2350
2351
2352
2353
2354
2355
2356
2357
2358
2359
2360
2361
2362
2363
2364
2365
2366
2367
2368
2369
2370
2371
2372
2373
2374
2375
2376
2377
2378
2379
2380
2381
2382
2383
2384
2385
2386
2387
2388
2389
2390
2391
2392
2393
2394
2395
2396
2397
2398
2399
2400
2401
2402
2403
2404
2405
2406
2407
2408
2409
2410
2411
2412
2413
2414
2415
2416
2417
2418
2419
2420
2421
2422
2423
2424
2425
2426
2427
2428
2429
2430
2431
2432
2433
2434
2435
2436
2437
2438
2439
2440
2441
2442
2443
2444
2445
2446
2447
2448
2449
2450
2451
2452
2453
2454
2455
2456
2457
2458
2459
2460
2461
2462
2463
2464
2465
2466
2467
2468
2469
2470
2471
2472
2473
2474
2475
2476
2477
2478
2479
2480
2481
2482
2483
2484
2485
2486
2487
2488
2489
2490
2491
2492
2493
2494
2495
2496
2497
2498
2499
2500
2501
2502
2503
2504
2505
2506
2507
2508
2509
2510
2511
2512
2513
2514
2515
2516
2517
2518
2519
2520
2521
2522
2523
2524
2525
2526
2527
2528
2529
2530
2531
2532
2533
2534
2535
2536
2537
2538
2539
2540
2541
2542
2543
2544
2545
2546
2547
2548
2549
2550
2551
2552
2553
2554
2555
2556
2557
2558
2559
2560
2561
2562
2563
2564
2565
2566
2567
2568
2569
2570
2571
2572
2573
2574
2575
2576
2577
2578
2579
2580
2581
2582
2583
2584
2585
2586
2587
2588
2589
2590
2591
2592
2593
2594
2595
2596
2597
2598
2599
2600
2601
2602
2603
2604
2605
2606
2607
2608
2609
2610
2611
2612
2613
2614
2615
2616
2617
2618
2619
2620
2621
2622
2623
2624
2625
2626
2627
2628
2629
2630
2631
2632
2633
2634
2635
2636
2637
2638
2639
2640
2641
2642
2643
2644
2645
2646
2647
2648
2649
2650
2651
2652
2653
2654
2655
2656
2657
2658
2659
2660
2661
2662
2663
2664
2665
2666
2667
2668
2669
2670
2671
2672
2673
2674
2675
2676
2677
2678
2679
2680
2681
2682
2683
2684
2685
2686
2687
2688
2689
2690
2691
2692
2693
2694
2695
2696
2697
2698
2699
2700
2701
2702
2703
2704
2705
2706
2707
2708
2709
2710
2711
2712
2713
2714
2715
2716
2717
2718
2719
2720
2721
2722
2723
2724
2725
2726
2727
2728
2729
2730
2731
2732
2733
2734
2735
2736
2737
2738
2739
2740
2741
2742
2743
2744
2745
2746
2747
2748
2749
2750
2751
2752
2753
2754
2755
2756
2757
2758
2759
2760
2761
2762
2763
2764
2765
2766
2767
2768
2769
2770
2771
2772
2773
2774
2775
2776
2777
2778
2779
2780
2781
2782
2783
2784
2785
2786
2787
2788
2789
2790
2791
2792
2793
2794
2795
2796
2797
2798
2799
482999
483000
483001
483002
483003
483004
483005
483006
483007
483008
483009
483010
483011
483012
483013
483014
483015
483016
483017
483018
483019
483020
483021
483022
483023
483024
483025
483026
483027
483028
483029
483030
483031
483032
483033
483034
483035
483036
483037
483038
483039
483040
483041
483042
483043
483044
483045
483046
483047
483048
483049
483050
483051
483052
483053
483054
483055
483056
483057
483058
483059
483060
483061
483062
483063
483064
483065
483066
483067
483068
483069
483070
483071
483072
483073
483074
483075
483076
483077
483078
483079
483080
483081
483082
483083
483084
483085
483086
483087
483088
483089
483090
483091
483092
483093
483094
483095
483096
483097
483098
483099
483100
483101
483102
483103
483104
483105
483106
483107
483108
483109
483110
483111
483112
483113
483114
483115
483116
483117
483118
483119
483120
483121
483122
483123
483124
483125
483126
483127
483128
483129
483130
483131
483132
483133
483134
483135
483136
483137
483138
483139
483140
483141
483142
483143
483144
483145
483146
483147
483148
483149
483150
483151
483152
483153
483154
483155
483156
483157
483158
483159
483160
483161
483162
483163
483164
483165
483166
483167
483168
483169
483170
483171
483172
483173
483174
483175
483176
483177
483178
483179
483180
483181
483182
483183
483184
483185
483186
483187
483188
483189
483190
483191
483192
483193
483194
483195
483196
483197
483198
483199
483200
483201
483202
483203
483204
483205
483206
483207
483208
483209
483210
483211
483212
483213
483214
483215
483216
483217
483218
483219
483220
483221
483222
483223
483224
483225
483226
483227
483228
483229
483230
483231
483232
483233
483234
483235
483236
483237
483238
483239
483240
483241
483242
483243
483244
483245
483246
483247
483248
483249
483250
483251
483252
483253
483254
483255
483256
483257
483258
483259
483260
483261
483262
483263
483264
483265
483266
483267
483268
483269
483270
483271
483272
483273
483274
483275
483276
483277
483278
483279
483280
483281
483282
483283
483284
483285
483286
483287
483288
483289
483290
483291
483292
483293
483294
483295
483296
483297
483298
483299
483300
483301
483302
483303
483304
483305
483306
483307
483308
483309
483310
483311
483312
483313
483314
483315
483316
483317
483318
483319
483320
483321
483322
483323
483324
483325
483326
483327
483328
483329
483330
483331
483332
483333
483334
483335
483336
483337
483338
483339
483340
483341
483342
483343
483344
483345
483346
483347
483348
483349
483350
483351
483352
483353
483354
483355
483356
483357
483358
483359
483360
483361
483362
483363
483364
483365
483366
483367
483368
483369
483370
483371
483372
483373
483374
483375
483376
483377
483378
483379
483380
483381
483382
483383
483384
483385
483386
483387
483388
483389
483390
483391
483392
483393
483394
483395
483396
483397
483398
483399
483400
483401
483402
483403
483404
483405
483406
483407
483408
483409
483410
483411
483412
483413
483414
483415
483416
483417
483418
483419
483420
483421
483422
483423
483424
483425
483426
483427
483428
483429
483430
483431
483432
483433
483434
483435
483436
483437
483438
483439
483440
483441
483442
483443
483444
483445
483446
483447
483448
483449
483450
483451
483452
483453
483454
483455
483456
483457
483458
483459
483460
483461
483462
483463
483464
483465
483466
483467
483468
483469
483470
483471
483472
483473
483474
483475
483476
483477
483478
483479
483480
483481
483482
483483
483484
483485
483486
483487
483488
483489
483490
483491
483492
483493
483494
483495
483496
483497
483498
483499
483500
483501
483502
483503
483504
483505
483506
483507
483508
483509
483510
483511
483512
483513
483514
483515
483516
483517
483518
483519
483520
483521
483522
483523
483524
483525
483526
483527
483528
483529
483530
483531
483532
483533
483534
483535
483536
483537
483538
483539
483540
483541
483542
483543
483544
483545
483546
483547
483548
483549
483550
483551
483552
483553
483554
483555
483556
483557
483558
483559
483560
483561
483562
483563
483564
483565
483566
483567
483568
483569
483570
483571
483572
483573
483574
483575
483576
483577
483578
483579
483580
483581
483582
483583
483584
483585
483586
483587
483588
483589
483590
483591
483592
483593
483594
483595
483596
483597
483598
483599
483600
483601
483602
483603
483604
483605
483606
483607
483608
483609
483610
483611
483612
483613
483614
483615
483616
483617
483618
483619
483620
483621
483622
483623
483624
483625
483626
483627
483628
483629
483630
483631
483632
483633
483634
483635
483636
483637
483638
483639
483640
483641
483642
483643
483644
483645
483646
483647
483648
483649
483650
483651
483652
483653
483654
483655
483656
483657
483658
483659
483660
483661
483662
483663
483664
483665
483666
483667
483668
483669
483670
483671
483672
483673
483674
483675
483676
483677
483678
483679
483680
483681
483682
483683
483684
483685
483686
483687
483688
483689
483690
483691
483692
483693
483694
483695
483696
483697
483698
483699
483700
483701
483702
483703
483704
483705
483706
483707
483708
483709
483710
483711
483712
483713
483714
483715
483716
483717
483718
483719
483720
483721
483722
483723
483724
483725
483726
483727
483728
483729
483730
483731
483732
483733
483734
483735
483736
483737
483738
483739
483740
483741
483742
483743
483744
483745
483746
483747
483748
483749
483750
483751
483752
483753
483754
483755
483756
483757
483758
483759
483760
483761
483762
483763
483764
483765
483766
483767
483768
483769
483770
483771
483772
483773
483774
483775
483776
483777
483778
483779
483780
483781
483782
483783
483784
483785
483786
483787
483788
483789
483790
483791
483792
483793
483794
483795
483796
483797
483798
483799
483800
483801
483802
483803
483804
483805
483806
483807
483808
483809
483810
483811
483812
483813
483814
483815
483816
483817
483818
483819
483820
483821
483822
483823
483824
483825
483826
483827
483828
483829
483830
483831
483832
483833
483834
483835
483836
483837
483838
483839
483840
483841
483842
483843
483844
483845
483846
483847
483848
483849
483850
483851
483852
483853
483854
483855
483856
483857
483858
483859
483860
483861
483862
483863
483864
483865
483866
483867
483868
483869
483870
483871
483872
483873
483874
483875
483876
483877
483878
483879
483880
483881
483882
483883
483884
483885
483886
483887
483888
483889
483890
483891
483892
483893
483894
483895
483896
483897
483898
483899
483900
483901
483902
483903
483904
483905
483906
483907
483908
483909
483910
483911
483912
483913
483914
483915
483916
483917
483918
483919
483920
483921
483922
483923
483924
483925
483926
483927
483928
483929
483930
483931
483932
483933
483934
483935
483936
483937
483938
483939
483940
483941
483942
483943
483944
483945
483946
483947
483948
483949
483950
483951
483952
483953
483954
483955
483956
483957
483958
483959
483960
483961
483962
483963
483964
483965
483966
483967
483968
483969
483970
483971
483972
483973
483974
483975
483976
483977
483978
483979
483980
483981
483982
483983
483984
483985
483986
483987
483988
483989
483990
483991
483992
483993
483994
483995
483996
483997
483998
483999
484000
484001
484002
484003
484004
484005
484006
484007
484008
484009
484010
484011
484012
484013
484014
484015
484016
484017
484018
484019
484020
484021
484022
484023
484024
484025
484026
484027
484028
484029
484030
484031
484032
484033
484034
484035
484036
484037
484038
484039
484040
484041
484042
484043
484044
484045
484046
484047
484048
484049
484050
484051
484052
484053
484054
484055
484056
484057
484058
484059
484060
484061
484062
484063
484064
484065
484066
484067
484068
484069
484070
484071
484072
484073
484074
484075
484076
484077
484078
484079
484080
484081
484082
484083
484084
484085
484086
484087
484088
484089
484090
484091
484092
484093
484094
484095
484096
484097
484098
484099
484100
484101
484102
484103
484104
484105
484106
484107
484108
484109
484110
484111
484112
484113
484114
484115
484116
484117
484118
484119
484120
484121
484122
484123
484124
484125
484126
484127
484128
484129
484130
484131
484132
484133
484134
484135
484136
484137
484138
484139
484140
484141
484142
484143
484144
484145
484146
484147
484148
484149
484150
484151
484152
484153
484154
484155
484156
484157
484158
484159
484160
484161
484162
484163
484164
484165
484166
484167
484168
484169
484170
484171
484172
484173
484174
484175
484176
484177
484178
484179
484180
484181
484182
484183
484184
484185
484186
484187
484188
484189
484190
484191
484192
484193
484194
484195
484196
484197
484198
484199
484200
484201
484202
484203
484204
484205
484206
484207
484208
484209
484210
484211
484212
484213
484214
484215
484216
484217
484218
484219
484220
484221
484222
484223
484224
484225
484226
484227
484228
484229
484230
484231
484232
484233
484234
484235
484236
484237
484238
484239
484240
484241
484242
484243
484244
484245
484246
484247
484248
484249
484250
484251
484252
484253
484254
484255
484256
484257
484258
484259
484260
484261
484262
484263
484264
484265
484266
484267
484268
484269
484270
484271
484272
484273
484274
484275
484276
484277
484278
484279
484280
484281
484282
484283
484284
484285
484286
484287
484288
484289
484290
484291
484292
484293
484294
484295
484296
484297
484298
484299
484300
484301
484302
484303
484304
484305
484306
484307
484308
484309
484310
484311
484312
484313
484314
484315
484316
484317
484318
484319
484320
484321
484322
484323
484324
484325
484326
484327
484328
484329
484330
484331
484332
484333
484334
484335
484336
484337
484338
484339
484340
484341
484342
484343
484344
484345
484346
484347
484348
484349
484350
484351
484352
484353
484354
484355
484356
484357
484358
484359
484360
484361
484362
484363
484364
484365
484366
484367
484368
484369
484370
484371
484372
484373
484374
484375
484376
484377
484378
484379
484380
484381
484382
484383
484384
484385
484386
484387
484388
484389
484390
484391
484392
484393
484394
484395
484396
484397
484398
484399
484400
484401
484402
484403
484404
484405
484406
484407
484408
484409
484410
484411
484412
484413
484414
484415
484416
484417
484418
484419
484420
484421
484422
484423
484424
484425
484426
484427
484428
484429
484430
484431
484432
484433
484434
484435
484436
484437
484438
484439
484440
484441
484442
484443
484444
484445
484446
484447
484448
484449
484450
484451
484452
484453
484454
484455
484456
484457
484458
484459
484460
484461
484462
484463
484464
484465
484466
484467
484468
484469
484470
484471
484472
484473
484474
484475
484476
484477
484478
484479
484480
484481
484482
484483
484484
484485
484486
484487
484488
484489
484490
484491
484492
484493
484494
484495
484496
484497
484498
484499
484500
484501
484502
484503
484504
484505
484506
484507
484508
484509
484510
484511
484512
484513
484514
484515
484516
484517
484518
484519
484520
484521
484522
484523
484524
484525
484526
484527
484528
484529
484530
484531
484532
484533
484534
484535
484536
484537
484538
484539
484540
484541
484542
484543
484544
484545
484546
484547
484548
484549
484550
484551
484552
484553
484554
484555
484556
484557
484558
484559
484560
484561
484562
484563
484564
484565
484566
484567
484568
484569
484570
484571
484572
484573
484574
484575
484576
484577
484578
484579
484580
484581
484582
484583
484584
484585
484586
484587
484588
484589
484590
484591
484592
484593
484594
484595
484596
484597
484598
484599
484600
484601
484602
484603
484604
484605
484606
484607
484608
484609
484610
484611
484612
484613
484614
484615
484616
484617
484618
484619
484620
484621
484622
484623
484624
484625
484626
484627
484628
484629
484630
484631
484632
484633
484634
484635
484636
484637
484638
484639
484640
484641
484642
484643
484644
484645
484646
484647
484648
484649
484650
484651
484652
484653
484654
484655
484656
484657
484658
484659
484660
484661
484662
484663
484664
484665
484666
484667
484668
484669
484670
484671
484672
484673
484674
484675
484676
484677
484678
484679
484680
484681
484682
484683
484684
484685
484686
484687
484688
484689
484690
484691
484692
484693
484694
484695
484696
484697
484698
484699
484700
484701
484702
484703
484704
484705
484706
484707
484708
484709
484710
484711
484712
484713
484714
484715
484716
484717
484718
484719
484720
484721
484722
484723
484724
484725
484726
484727
484728
484729
484730
484731
484732
484733
484734
484735
484736
484737
484738
484739
484740
484741
484742
484743
484744
484745
484746
484747
484748
484749
484750
484751
484752
484753
484754
484755
484756
484757
484758
484759
484760
484761
484762
484763
484764
484765
484766
484767
484768
484769
484770
484771
484772
484773
484774
484775
484776
484777
484778
484779
484780
484781
484782
484783
484784
484785
484786
484787
484788
484789
484790
484791
484792
484793
484794
484795
484796
484797
484798
484799
484800
484801
484802
484803
484804
484805
484806
484807
484808
484809
484810
484811
484812
484813
484814
484815
484816
484817
484818
484819
484820
484821
484822
484823
484824
484825
484826
484827
484828
484829
484830
484831
484832
484833
484834
484835
484836
484837
484838
484839
484840
484841
484842
484843
484844
484845
484846
484847
484848
484849
484850
484851
484852
484853
484854
484855
484856
484857
484858
484859
484860
484861
484862
484863
484864
484865
484866
484867
484868
484869
484870
484871
484872
484873
484874
484875
484876
484877
484878
484879
484880
484881
484882
484883
484884
484885
484886
484887
484888
484889
484890
484891
484892
484893
484894
484895
484896
484897
484898
484899
484900
484901
484902
484903
484904
484905
484906
484907
484908
484909
484910
484911
484912
484913
484914
484915
484916
484917
484918
484919
484920
484921
484922
484923
484924
484925
484926
484927
484928
484929
484930
484931
484932
484933
484934
484935
484936
484937
484938
484939
484940
484941
484942
484943
484944
484945
484946
484947
484948
484949
484950
484951
484952
484953
484954
484955
484956
484957
484958
484959
484960
484961
484962
484963
484964
484965
484966
484967
484968
484969
484970
484971
484972
484973
484974
484975
484976
484977
484978
484979
484980
484981
484982
484983
484984
484985
484986
484987
484988
484989
484990
484991
484992
484993
484994
484995
484996
484997
484998
484999
485000
485001
485002
485003
485004
485005
485006
485007
485008
485009
485010
485011
485012
485013
485014
485015
485016
485017
485018
485019
485020
485021
485022
485023
485024
485025
485026
485027
485028
485029
485030
485031
485032
485033
485034
485035
485036
485037
485038
485039
485040
485041
485042
485043
485044
485045
485046
485047
485048
485049
485050
485051
485052
485053
485054
485055
485056
485057
485058
485059
485060
485061
485062
485063
485064
485065
485066
485067
485068
485069
485070
485071
485072
485073
485074
485075
485076
485077
485078
485079
485080
485081
485082
485083
485084
485085
485086
485087
485088
485089
485090
485091
485092
485093
485094
485095
485096
485097
485098
485099
485100
485101
485102
485103
485104
485105
485106
485107
485108
485109
485110
485111
485112
485113
485114
485115
485116
485117
485118
485119
485120
485121
485122
485123
485124
485125
485126
485127
485128
485129
485130
485131
485132
485133
485134
485135
485136
485137
485138
485139
485140
485141
485142
485143
485144
485145
485146
485147
485148
485149
485150
485151
485152
485153
485154
485155
485156
485157
485158
485159
485160
485161
485162
485163
485164
485165
485166
485167
485168
485169
485170
485171
485172
485173
485174
485175
485176
485177
485178
485179
485180
485181
485182
485183
485184
485185
485186
485187
485188
485189
485190
485191
485192
485193
485194
485195
485196
485197
485198
485199
485200
485201
485202
485203
485204
485205
485206
485207
485208
485209
485210
485211
485212
485213
485214
485215
485216
485217
485218
485219
485220
485221
485222
485223
485224
485225
485226
485227
485228
485229
485230
485231
485232
485233
485234
485235
485236
485237
485238
485239
485240
485241
485242
485243
485244
485245
485246
485247
485248
485249
485250
485251
485252
485253
485254
485255
485256
485257
485258
485259
485260
485261
485262
485263
485264
485265
485266
485267
485268
485269
485270
485271
485272
485273
485274
485275
485276
485277
485278
485279
485280
485281
485282
485283
485284
485285
485286
485287
485288
485289
485290
485291
485292
485293
485294
485295
485296
485297
485298
485299
485300
485301
485302
485303
485304
485305
485306
485307
485308
485309
485310
485311
485312
485313
485314
485315
485316
485317
485318
485319
485320
485321
485322
485323
485324
485325
485326
485327
485328
485329
485330
485331
485332
485333
485334
485335
485336
485337
485338
485339
485340
485341
485342
485343
485344
485345
485346
485347
485348
485349
485350
485351
485352
485353
485354
485355
485356
485357
485358
485359
485360
485361
485362
485363
485364
485365
485366
485367
485368
485369
485370
485371
485372
485373
485374
485375
485376
485377
485378
485379
485380
485381
485382
485383
485384
485385
485386
485387
485388
485389
485390
485391
485392
485393
485394
485395
485396
485397
485398
485399
485400
485401
485402
485403
485404
485405
485406
485407
485408
485409
485410
485411
485412
485413
485414
485415
485416
485417
485418
485419
485420
485421
485422
485423
485424
485425
485426
485427
485428
485429
485430
485431
485432
485433
485434
485435
485436
485437
485438
485439
485440
485441
485442
485443
485444
485445
485446
485447
485448
485449
485450
485451
485452
485453
485454
485455
485456
485457
485458
485459
485460
485461
485462
485463
485464
485465
485466
485467
485468
485469
485470
485471
485472
485473
485474
485475
485476
485477
485478
485479
485480
485481
485482
485483
485484
485485
485486
485487
485488
485489
485490
485491
485492
485493
485494
485495
485496
485497
485498
485499
485500
485501
485502
485503
485504
485505
485506
485507
485508
485509
485510
485511
485512
485513
485514
485515
485516
485517
485518
485519
485520
485521
485522
485523
485524
485525
485526
485527
485528
485529
485530
485531
485532
485533
485534
485535
485536
485537
485538
485539
485540
485541
485542
485543
485544
485545
485546
485547
485548
485549
485550
485551
485552
485553
485554
485555
485556
485557
485558
485559
485560
485561
485562
485563
485564
485565
485566
485567
485568
485569
485570
485571
485572
485573
485574
485575
485576
485577
485578
485579
485580
485581
485582
485583
485584
485585
485586
485587
485588
485589
485590
485591
485592
485593
485594
485595
485596
485597
485598
485599
485600
485601
485602
485603
485604
485605
485606
485607
485608
485609
485610
485611
485612
485613
485614
485615
485616
485617
485618
485619
485620
485621
485622
485623
485624
485625
485626
485627
485628
485629
485630
485631
485632
485633
485634
485635
485636
485637
485638
485639
485640
485641
485642
485643
485644
485645
485646
485647
485648
485649
485650
485651
485652
485653
485654
485655
485656
485657
485658
485659
485660
485661
485662
485663
485664
485665
485666
485667
485668
485669
485670
485671
485672
485673
485674
485675
485676
485677
485678
485679
485680
485681
485682
485683
485684
485685
485686
485687
485688
485689
485690
485691
485692
485693
485694
485695
485696
485697
485698
485699
485700
485701
485702
485703
485704
485705
485706
485707
485708
485709
485710
485711
485712
485713
485714
485715
485716
485717
485718
485719
485720
485721
485722
485723
485724
485725
485726
485727
485728
485729
485730
485731
485732
485733
485734
485735
485736
485737
485738
485739
485740
485741
485742
485743
485744
485745
485746
485747
485748
485749
485750
485751
485752
485753
485754
485755
485756
485757
485758
485759
485760
485761
485762
485763
485764
485765
485766
485767
485768
485769
485770
485771
485772
485773
485774
485775
485776
485777
485778
485779
485780
485781
485782
485783
485784
485785
485786
485787
485788
485789
485790
485791
485792
485793
485794
485795
485796
485797
485798
965998
965999
966000
966001
966002
966003
966004
966005
966006
966007
966008
966009
966010
966011
966012
966013
966014
966015
966016
966017
966018
966019
966020
966021
966022
966023
966024
966025
966026
966027
966028
966029
966030
966031
966032
966033
966034
966035
966036
966037
966038
966039
966040
966041
966042
966043
966044
966045
966046
966047
966048
966049
966050
966051
966052
966053
966054
966055
966056
966057
966058
966059
966060
966061
966062
966063
966064
966065
966066
966067
966068
966069
966070
966071
966072
966073
966074
966075
966076
966077
966078
966079
966080
966081
966082
966083
966084
966085
966086
966087
966088
966089
966090
966091
966092
966093
966094
966095
966096
966097
966098
966099
966100
966101
966102
966103
966104
966105
966106
966107
966108
966109
966110
966111
966112
966113
966114
966115
966116
966117
966118
966119
966120
966121
966122
966123
966124
966125
966126
966127
966128
966129
966130
966131
966132
966133
966134
966135
966136
966137
966138
966139
966140
966141
966142
966143
966144
966145
966146
966147
966148
966149
966150
966151
966152
966153
966154
966155
966156
966157
966158
966159
966160
966161
966162
966163
966164
966165
966166
966167
966168
966169
966170
966171
966172
966173
966174
966175
966176
966177
966178
966179
966180
966181
966182
966183
966184
966185
966186
966187
966188
966189
966190
966191
966192
966193
966194
966195
966196
966197
966198
966199
966200
966201
966202
966203
966204
966205
966206
966207
966208
966209
966210
966211
966212
966213
966214
966215
966216
966217
966218
966219
966220
966221
966222
966223
966224
966225
966226
966227
966228
966229
966230
966231
966232
966233
966234
966235
966236
966237
966238
966239
966240
966241
966242
966243
966244
966245
966246
966247
966248
966249
966250
966251
966252
966253
966254
966255
966256
966257
966258
966259
966260
966261
966262
966263
966264
966265
966266
966267
966268
966269
966270
966271
966272
966273
966274
966275
966276
966277
966278
966279
966280
966281
966282
966283
966284
966285
966286
966287
966288
966289
966290
966291
966292
966293
966294
966295
966296
966297
966298
966299
966300
966301
966302
966303
966304
966305
966306
966307
966308
966309
966310
966311
966312
966313
966314
966315
966316
966317
966318
966319
966320
966321
966322
966323
966324
966325
966326
966327
966328
966329
966330
966331
966332
966333
966334
966335
966336
966337
966338
966339
966340
966341
966342
966343
966344
966345
966346
966347
966348
966349
966350
966351
966352
966353
966354
966355
966356
966357
966358
966359
966360
966361
966362
966363
966364
966365
966366
966367
966368
966369
966370
966371
966372
966373
966374
966375
966376
966377
966378
966379
966380
966381
966382
966383
966384
966385
966386
966387
966388
966389
966390
966391
966392
966393
966394
966395
966396
966397
966398
966399
966400
966401
966402
966403
966404
966405
966406
966407
966408
966409
966410
966411
966412
966413
966414
966415
966416
966417
966418
966419
966420
966421
966422
966423
966424
966425
966426
966427
966428
966429
966430
966431
966432
966433
966434
966435
966436
966437
966438
966439
966440
966441
966442
966443
966444
966445
966446
966447
966448
966449
966450
966451
966452
966453
966454
966455
966456
966457
966458
966459
966460
966461
966462
966463
966464
966465
966466
966467
966468
966469
966470
966471
966472
966473
966474
966475
966476
966477
966478
966479
966480
966481
966482
966483
966484
966485
966486
966487
966488
966489
966490
966491
966492
966493
966494
966495
966496
966497
966498
966499
966500
966501
966502
966503
966504
966505
966506
966507
966508
966509
966510
966511
966512
966513
966514
966515
966516
966517
966518
966519
966520
966521
966522
966523
966524
966525
966526
966527
966528
966529
966530
966531
966532
966533
966534
966535
966536
966537
966538
966539
966540
966541
966542
966543
966544
966545
966546
966547
966548
966549
966550
966551
966552
966553
966554
966555
966556
966557
966558
966559
966560
966561
966562
966563
966564
966565
966566
966567
966568
966569
966570
966571
966572
966573
966574
966575
966576
966577
966578
966579
966580
966581
966582
966583
966584
966585
966586
966587
966588
966589
966590
966591
966592
966593
966594
966595
966596
966597
966598
966599
966600
966601
966602
966603
966604
966605
966606
966607
966608
966609
966610
966611
966612
966613
966614
966615
966616
966617
966618
966619
966620
966621
966622
966623
966624
966625
966626
966627
966628
966629
966630
966631
966632
966633
966634
966635
966636
966637
966638
966639
966640
966641
966642
966643
966644
966645
966646
966647
966648
966649
966650
966651
966652
966653
966654
966655
966656
966657
966658
966659
966660
966661
966662
966663
966664
966665
966666
966667
966668
966669
966670
966671
966672
966673
966674
966675
966676
966677
966678
966679
966680
966681
966682
966683
966684
966685
966686
966687
966688
966689
966690
966691
966692
966693
966694
966695
966696
966697
966698
966699
966700
966701
966702
966703
966704
966705
966706
966707
966708
966709
966710
966711
966712
966713
966714
966715
966716
966717
966718
966719
966720
966721
966722
966723
966724
966725
966726
966727
966728
966729
966730
966731
966732
966733
966734
966735
966736
966737
966738
966739
966740
966741
966742
966743
966744
966745
966746
966747
966748
966749
966750
966751
966752
966753
966754
966755
966756
966757
966758
966759
966760
966761
966762
966763
966764
966765
966766
966767
966768
966769
966770
966771
966772
966773
966774
966775
966776
966777
966778
966779
966780
966781
966782
966783
966784
966785
966786
966787
966788
966789
966790
966791
966792
966793
966794
966795
966796
966797
966798
966799
966800
966801
966802
966803
966804
966805
966806
966807
966808
966809
966810
966811
966812
966813
966814
966815
966816
966817
966818
966819
966820
966821
966822
966823
966824
966825
966826
966827
966828
966829
966830
966831
966832
966833
966834
966835
966836
966837
966838
966839
966840
966841
966842
966843
966844
966845
966846
966847
966848
966849
966850
966851
966852
966853
966854
966855
966856
966857
966858
966859
966860
966861
966862
966863
966864
966865
966866
966867
966868
966869
966870
966871
966872
966873
966874
966875
966876
966877
966878
966879
966880
966881
966882
966883
966884
966885
966886
966887
966888
966889
966890
966891
966892
966893
966894
966895
966896
966897
966898
966899
966900
966901
966902
966903
966904
966905
966906
966907
966908
966909
966910
966911
966912
966913
966914
966915
966916
966917
966918
966919
966920
966921
966922
966923
966924
966925
966926
966927
966928
966929
966930
966931
966932
966933
966934
966935
966936
966937
966938
966939
966940
966941
966942
966943
966944
966945
966946
966947
966948
966949
966950
966951
966952
966953
966954
966955
966956
966957
966958
966959
966960
966961
966962
966963
966964
966965
966966
966967
966968
966969
966970
966971
966972
966973
966974
966975
966976
966977
966978
966979
966980
966981
966982
966983
966984
966985
966986
966987
966988
966989
966990
966991
966992
966993
966994
966995
966996
966997
1266897
1266898
1266899
1266900
1266901
1266902
1266903
1266904
1266905
1266906
1266907
1266908
1266909
1266910
1266911
1266912
1266913
1266914
1266915
1266916
1266917
1266918
1266919
1266920
1266921
1266922
1266923
1266924
1266925
1266926
1266927
1266928
1266929
1266930
1266931
1266932
1266933
1266934
1266935
1266936
1266937
1266938
1266939
1266940
1266941
1266942
1266943
1266944
1266945
1266946
1266947
1266948
1266949
1266950
1266951
1266952
1266953
1266954
1266955
1266956
1266957
1266958
1266959
1266960
1266961
1266962
1266963
1266964
1266965
1266966
1266967
1266968
1266969
1266970
1266971
1266972
1266973
1266974
1266975
1266976
1266977
1266978
1266979
1266980
1266981
1266982
1266983
1266984
1266985
1266986
1266987
1266988
1266989
1266990
1266991
1266992
1266993
1266994
1266995
1266996
1266997
1266998
1266999
1267000
1267001
1267002
1267003
1267004
1267005
1267006
1267007
1267008
1267009
1267010
1267011
1267012
1267013
1267014
1267015
1267016
1267017
1267018
1267019
1267020
1267021
1267022
1267023
1267024
1267025
1267026
1267027
1267028
1267029
1267030
1267031
1267032
1267033
1267034
1267035
1267036
1267037
1267038
1267039
1267040
1267041
1267042
1267043
1267044
1267045
1267046
1267047
1267048
1267049
1267050
1267051
1267052
1267053
1267054
1267055
1267056
1267057
1267058
1267059
1267060
1267061
1267062
1267063
1267064
1267065
1267066
1267067
1267068
1267069
1267070
1267071
1267072
1267073
1267074
1267075
1267076
1267077
1267078
1267079
1267080
1267081
1267082
1267083
1267084
1267085
1267086
1267087
1267088
1267089
1267090
1267091
1267092
1267093
1267094
1267095
1267096
1267097
1267098
1267099
1267100
1267101
1267102
1267103
1267104
1267105
1267106
1267107
1267108
1267109
1267110
1267111
1267112
1267113
1267114
1267115
1267116
1267117
1267118
1267119
1267120
1267121
1267122
1267123
1267124
1267125
1267126
1267127
1267128
1267129
1267130
1267131
1267132
1267133
1267134
1267135
1267136
1267137
1267138
1267139
1267140
1267141
1267142
1267143
1267144
1267145
1267146
1267147
1267148
1267149
1267150
1267151
1267152
1267153
1267154
1267155
1267156
1267157
1267158
1267159
1267160
1267161
1267162
1267163
1267164
1267165
1267166
1267167
1267168
1267169
1267170
1267171
1267172
1267173
1267174
1267175
1267176
1267177
1267178
1267179
1267180
1267181
1267182
1267183
1267184
1267185
1267186
1267187
1267188
1267189
1267190
1267191
1267192
1267193
1267194
1267195
1267196
1267197
1267198
1267199
1267200
1267201
1267202
1267203
1267204
1267205
1267206
1267207
1267208
1267209
1267210
1267211
1267212
1267213
1267214
1267215
1267216
1267217
1267218
1267219
1267220
1267221
1267222
1267223
1267224
1267225
1267226
1267227
1267228
1267229
1267230
1267231
1267232
1267233
1267234
1267235
1267236
1267237
1267238
1267239
1267240
1267241
1267242
1267243
1267244
1267245
1267246
1267247
1267248
1267249
1267250
1267251
1267252
1267253
1267254
1267255
1267256
1267257
1267258
1267259
1267260
1267261
1267262
1267263
1267264
1267265
1267266
1267267
1267268
1267269
1267270
1267271
1267272
1267273
1267274
1267275
1267276
1267277
1267278
1267279
1267280
1267281
1267282
1267283
1267284
1267285
1267286
1267287
1267288
1267289
1267290
1267291
1267292
1267293
1267294
1267295
1267296
1267297
1267298
1267299
1267300
1267301
1267302
1267303
1267304
1267305
1267306
1267307
1267308
1267309
1267310
1267311
1267312
1267313
1267314
1267315
1267316
1267317
1267318
1267319
1267320
1267321
1267322
1267323
1267324
1267325
1267326
1267327
1267328
1267329
1267330
1267331
1267332
1267333
1267334
1267335
1267336
1267337
1267338
1267339
1267340
1267341
1267342
1267343
1267344
1267345
1267346
1267347
1267348
1267349
1267350
1267351
1267352
1267353
1267354
1267355
1267356
1267357
1267358
1267359
1267360
1267361
1267362
1267363
1267364
1267365
1267366
1267367
1267368
1267369
1267370
1267371
1267372
1267373
1267374
1267375
1267376
1267377
1267378
1267379
1267380
1267381
1267382
1267383
1267384
1267385
1267386
1267387
1267388
1267389
1267390
1267391
1267392
1267393
1267394
1267395
1267396
1267397
1267398
1267399
1267400
1267401
1267402
1267403
1267404
1267405
1267406
1267407
1267408
1267409
1267410
1267411
1267412
1267413
1267414
1267415
1267416
1267417
1267418
1267419
1267420
1267421
1267422
1267423
1267424
1267425
1267426
1267427
1267428
1267429
1267430
1267431
1267432
1267433
1267434
1267435
1267436
1267437
1267438
1267439
1267440
1267441
1267442
1267443
1267444
1267445
1267446
1267447
1267448
1267449
1267450
1267451
1267452
1267453
1267454
1267455
1267456
1267457
1267458
1267459
1267460
1267461
1267462
1267463
1267464
1267465
1267466
1267467
1267468
1267469
1267470
1267471
1267472
1267473
1267474
1267475
1267476
1267477
1267478
1267479
1267480
1267481
1267482
1267483
1267484
1267485
1267486
1267487
1267488
1267489
1267490
1267491
1267492
1267493
1267494
1267495
1267496
1267497
1267498
1267499
1267500
1267501
1267502
1267503
1267504
1267505
1267506
1267507
1267508
1267509
1267510
1267511
1267512
1267513
1267514
1267515
1267516
1267517
1267518
1267519
1267520
1267521
1267522
1267523
1267524
1267525
1267526
1267527
1267528
1267529
1267530
1267531
1267532
1267533
1267534
1267535
1267536
1267537
1267538
1267539
1267540
1267541
1267542
1267543
1267544
1267545
1267546
1267547
1267548
1267549
1267550
1267551
1267552
1267553
1267554
1267555
1267556
1267557
1267558
1267559
1267560
1267561
1267562
1267563
1267564
1267565
1267566
1267567
1267568
1267569
1267570
1267571
1267572
1267573
1267574
1267575
1267576
1267577
1267578
1267579
1267580
1267581
1267582
1267583
1267584
1267585
1267586
1267587
1267588
1267589
1267590
1267591
1267592
1267593
1267594
1267595
1267596
1267597
1267598
1267599
1267600
1267601
1267602
1267603
1267604
1267605
1267606
1267607
1267608
1267609
1267610
1267611
1267612
1267613
1267614
1267615
1267616
1267617
1267618
1267619
1267620
1267621
1267622
1267623
1267624
1267625
1267626
1267627
1267628
1267629
1267630
1267631
1267632
1267633
1267634
1267635
1267636
1267637
1267638
1267639
1267640
1267641
1267642
1267643
1267644
1267645
1267646
1267647
1267648
1267649
1267650
1267651
1267652
1267653
1267654
1267655
1267656
1267657
1267658
1267659
1267660
1267661
1267662
1267663
1267664
1267665
1267666
1267667
1267668
1267669
1267670
1267671
1267672
1267673
1267674
1267675
1267676
1267677
1267678
1267679
1267680
1267681
1267682
1267683
1267684
1267685
1267686
1267687
1267688
1267689
1267690
1267691
1267692
1267693
1267694
1267695
1267696
1267697
1267698
1267699
1267700
1267701
1267702
1267703
1267704
1267705
1267706
1267707
1267708
1267709
1267710
1267711
1267712
1267713
1267714
1267715
1267716
1267717
1267718
1267719
1267720
1267721
1267722
1267723
1267724
1267725
1267726
1267727
1267728
1267729
1267730
1267731
1267732
1267733
1267734
1267735
1267736
1267737
1267738
1267739
1267740
1267741
1267742
1267743
1267744
1267745
1267746
1267747
1267748
1267749
1267750
1267751
1267752
1267753
1267754
1267755
1267756
1267757
1267758
1267759
1267760
1267761
1267762
1267763
1267764
1267765
1267766
1267767
1267768
1267769
1267770
1267771
1267772
1267773
1267774
1267775
1267776
1267777
1267778
1267779
1267780
1267781
1267782
1267783
1267784
1267785
1267786
1267787
1267788
1267789
1267790
1267791
1267792
1267793
1267794
1267795
1267796
1267797
1267798
1267799
1267800
1267801
1267802
1267803
1267804
1267805
1267806
1267807
1267808
1267809
1267810
1267811
1267812
1267813
1267814
1267815
1267816
1267817
1267818
1267819
1267820
1267821
1267822
1267823
1267824
1267825
1267826
1267827
1267828
1267829
1267830
1267831
1267832
1267833
1267834
1267835
1267836
1267837
1267838
1267839
1267840
1267841
1267842
1267843
1267844
1267845
1267846
1267847
1267848
1267849
1267850
1267851
1267852
1267853
1267854
1267855
1267856
1267857
1267858
1267859
1267860
1267861
1267862
1267863
1267864
1267865
1267866
1267867
1267868
1267869
1267870
1267871
1267872
1267873
1267874
1267875
1267876
1267877
1267878
1267879
1267880
1267881
1267882
1267883
1267884
1267885
1267886
1267887
1267888
1267889
1267890
1267891
1267892
1267893
1267894
1267895
1267896

