0
1
2
3
4
5
6
7
8
9
10
11
12
13
14
15
16
17
18
19
20
21
22
23
24
25
26
27
28
29
30
31
32
33
34
35
36
37
38
39
40
41
42
43
44
45
46
47
48
49
50
51
52
53
54
55
56
57
58
59
60
61
62
63
64
65
66
67
68
69
70
71
72
73
74
75
76
77
78
79
80
81
82
83
84
85
86
87
88
89
90
91
92
93
94
95
96
97
98
99
100
101
102
103
104
105
106
107
108
109
110
111
112
113
114
115
116
117
118
119
120
121
122
123
124
125
126
127
128
129
130
131
132
133
134
135
136
137
138
139
140
141
142
143
144
145
146
147
148
149
150
151
152
153
154
155
156
157
158
159
160
161
162
163
164
165
166
167
168
169
170
171
172
173
174
175
176
177
178
179
180
181
182
183
184
185
186
187
188
189
190
191
192
193
194
195
196
197
198
199
200
201
202
203
204
205
206
207
208
209
210
211
212
213
214
215
216
217
218
219
220
221
222
223
224
225
226
227
228
229
230
231
232
233
234
235
236
237
238
239
240
241
242
243
244
245
246
247
248
249
250
251
252
253
254
255
256
257
258
259
260
261
262
263
264
265
266
267
268
269
270
271
272
273
274
275
276
277
278
279
280
281
282
283
284
285
286
287
288
289
290
291
292
293
294
295
296
297
298
299
300
301
302
303
304
305
306
307
308
309
310
311
312
313
314
315
316
317
318
319
320
321
322
323
324
325
326
327
328
329
330
331
332
333
334
335
336
337
338
339
340
341
342
343
344
345
346
347
348
349
350
351
352
353
354
355
356
357
358
359
360
361
362
363
364
365
366
367
368
369
370
371
372
373
374
375
376
377
378
379
380
381
382
383
384
385
386
387
388
389
390
391
392
393
394
395
396
397
398
399
400
401
402
403
404
405
406
407
408
409
410
411
412
413
414
415
416
417
418
419
420
421
422
423
424
425
426
427
428
429
430
431
432
433
434
435
436
437
438
439
440
441
442
443
444
445
446
447
448
449
450
451
452
453
454
455
456
457
458
459
460
461
462
463
464
465
466
467
468
469
470
471
472
473
474
475
476
477
478
479
480
481
482
483
484
485
486
487
488
489
490
491
492
493
494
495
496
497
498
499
500
501
502
503
504
505
506
507
508
509
510
511
512
513
514
515
516
517
518
519
520
521
522
523
524
525
526
527
528
529
530
531
532
533
534
535
536
537
538
539
540
541
542
543
544
545
546
547
548
549
550
551
552
553
554
555
556
557
558
559
560
561
562
563
564
565
566
567
568
569
570
571
572
573
574
575
576
577
578
579
580
581
582
583
584
585
586
587
588
589
590
591
592
593
594
595
596
597
598
599
600
601
602
603
604
605
606
607
608
609
610
611
612
613
614
615
616
617
618
619
620
621
622
623
624
625
626
627
628
629
630
631
632
633
634
635
636
637
638
639
640
641
642
643
644
645
646
647
648
649
650
651
652
653
654
655
656
657
658
659
660
661
662
663
664
665
666
667
668
669
670
671
672
673
674
675
676
677
678
679
680
681
682
683
684
685
686
687
688
689
690
691
692
693
694
695
696
697
698
699
700
701
702
703
704
705
706
707
708
709
710
711
712
713
714
715
716
717
718
719
720
721
722
723
724
725
726
727
728
729
730
731
732
733
734
735
736
737
738
739
740
741
742
743
744
745
746
747
748
749
750
751
752
753
754
755
756
757
758
759
760
761
762
763
764
765
766
767
768
769
770
771
772
773
774
775
776
777
778
779
780
781
782
783
784
785
786
787
788
789
790
791
792
793
794
795
796
797
798
799
800
801
802
803
804
805
806
807
808
809
810
811
812
813
814
815
816
817
818
819
820
821
822
823
824
825
826
827
828
829
830
831
832
833
834
835
836
837
838
839
840
841
842
843
844
845
846
847
848
849
850
851
852
853
854
855
856
857
858
859
860
861
862
863
864
865
866
867
868
869
870
871
872
873
874
875
876
877
878
879
880
881
882
883
884
885
886
887
888
889
890
891
892
893
894
895
896
897
898
899
900
901
902
903
904
905
906
907
908
909
910
911
912
913
914
915
916
917
918
919
920
921
922
923
924
925
926
927
928
929
930
931
932
933
934
935
936
937
938
939
940
941
942
943
944
945
946
947
948
949
950
951
952
953
954
955
956
957
958
959
960
961
962
963
964
965
966
967
968
969
970
971
972
973
974
975
976
977
978
979
980
981
982
983
984
985
986
987
988
989
990
991
992
993
994
995
996
997
998
999
1000
1001
1002
1003
1004
1005
1006
1007
1008
1009
1010
1011
1012
1013
1014
1015
1016
1017
1018
1019
1020
1021
1022
1023
1024
1025
1026
1027
1028
1029
1030
1031
1032
1033
1034
1035
1036
1037
1038
1039
1040
1041
1042
1043
1044
1045
1046
1047
1048
1049
1050
1051
1052
1053
1054
1055
1056
1057
1058
1059
1060
1061
1062
1063
1064
1065
1066
1067
1068
1069
1070
1071
1072
1073
1074
1075
1076
1077
1078
1079
1080
1081
1082
1083
1084
1085
1086
1087
1088
1089
1090
1091
1092
1093
1094
1095
1096
1097
1098
1099
1100
1101
1102
1103
1104
1105
1106
1107
1108
1109
1110
1111
1112
1113
1114
1115
1116
1117
1118
1119
1120
1121
1122
1123
1124
1125
1126
1127
1128
1129
1130
1131
1132
1133
1134
1135
1136
1137
1138
1139
1140
1141
1142
1143
1144
1145
1146
1147
1148
1149
1150
1151
1152
1153
1154
1155
1156
1157
1158
1159
1160
1161
1162
1163
1164
1165
1166
1167
1168
1169
86570
86571
86572
86573
86574
86575
86576
86577
86578
86579
86580
86581
86582
86583
86584
86585
86586
86587
86588
86589
86590
86591
86592
86593
86594
86595
86596
86597
86598
86599
86600
86601
86602
86603
86604
86605
86606
86607
86608
86609
86610
86611
86612
86613
86614
86615
86616
86617
86618
86619
86620
86621
86622
86623
86624
86625
86626
86627
86628
86629
86630
86631
86632
86633
86634
86635
86636
86637
86638
86639
86640
86641
86642
86643
86644
86645
86646
86647
86648
86649
86650
86651
86652
86653
86654
86655
86656
86657
86658
86659
86660
86661
86662
86663
86664
86665
86666
86667
86668
86669
86670
86671
86672
86673
86674
86675
86676
86677
86678
86679
86680
86681
86682
86683
86684
86685
86686
86687
86688
86689
86690
86691
86692
86693
86694
86695
86696
86697
86698
86699
86700
86701
86702
86703
86704
86705
86706
86707
86708
86709
86710
86711
86712
86713
86714
86715
86716
86717
86718
86719
86720
86721
86722
86723
86724
86725
86726
86727
86728
86729
86730
86731
86732
86733
86734
86735
86736
86737
86738
86739
86740
86741
86742
86743
86744
86745
86746
86747
86748
86749
86750
86751
86752
86753
86754
86755
86756
86757
86758
86759
86760
86761
86762
86763
86764
86765
86766
86767
86768
86769
86770
86771
86772
86773
86774
86775
86776
86777
86778
86779
86780
86781
86782
86783
86784
86785
86786
86787
86788
86789
86790
86791
86792
86793
86794
86795
86796
86797
86798
86799
86800
86801
86802
86803
86804
86805
86806
86807
86808
86809
86810
86811
86812
86813
86814
86815
86816
86817
86818
86819
86820
86821
86822
86823
86824
86825
86826
86827
86828
86829
86830
86831
86832
86833
86834
86835
86836
86837
86838
86839
86840
86841
86842
86843
86844
86845
86846
86847
86848
86849
86850
86851
86852
86853
86854
86855
86856
86857
86858
86859
86860
86861
86862
86863
86864
86865
86866
86867
86868
86869
86870
86871
86872
86873
86874
86875
86876
86877
86878
86879
86880
86881
86882
86883
86884
86885
86886
86887
86888
86889
86890
86891
86892
86893
86894
86895
86896
86897
86898
86899
86900
86901
86902
86903
86904
86905
86906
86907
86908
86909
86910
86911
86912
86913
86914
86915
86916
86917
86918
86919
86920
86921
86922
86923
86924
86925
86926
86927
86928
86929
86930
86931
86932
86933
86934
86935
86936
86937
86938
86939
86940
86941
86942
86943
86944
86945
86946
86947
86948
86949
86950
86951
86952
86953
86954
86955
86956
86957
86958
86959
86960
86961
86962
86963
86964
86965
86966
86967
86968
86969
86970
86971
86972
86973
86974
86975
86976
86977
86978
86979
86980
86981
86982
86983
86984
86985
86986
86987
86988
86989
86990
86991
86992
86993
86994
86995
86996
86997
86998
86999
87000
87001
87002
87003
87004
87005
87006
87007
87008
87009
87010
87011
87012
87013
87014
87015
87016
87017
87018
87019
87020
87021
87022
87023
87024
87025
87026
87027
87028
87029
87030
87031
87032
87033
87034
87035
87036
87037
87038
87039
87040
87041
87042
87043
87044
87045
87046
87047
87048
87049
87050
87051
87052
87053
87054
87055
87056
87057
87058
87059
87060
87061
87062
87063
87064
87065
87066
87067
87068
87069
87070
87071
87072
87073
87074
87075
87076
87077
87078
87079
87080
87081
87082
87083
87084
87085
87086
87087
87088
87089
87090
87091
87092
87093
87094
87095
87096
87097
87098
87099
87100
87101
87102
87103
87104
87105
87106
87107
87108
87109
87110
87111
87112
87113
87114
87115
87116
87117
87118
87119
87120
87121
87122
87123
87124
87125
87126
87127
87128
87129
87130
87131
87132
87133
87134
87135
87136
87137
87138
87139
87140
87141
87142
87143
87144
87145
87146
87147
87148
87149
87150
87151
87152
87153
87154
87155
87156
87157
87158
87159
87160
87161
87162
87163
87164
87165
87166
87167
87168
87169
87170
87171
87172
87173
87174
87175
87176
87177
87178
87179
87180
87181
87182
87183
87184
87185
87186
87187
87188
87189
87190
87191
87192
87193
87194
87195
87196
87197
87198
87199
87200
87201
87202
87203
87204
87205
87206
87207
87208
87209
87210
87211
87212
87213
87214
87215
87216
87217
87218
87219
87220
87221
87222
87223
87224
87225
87226
87227
87228
87229
87230
87231
87232
87233
87234
87235
87236
87237
87238
87239
87240
87241
87242
87243
87244
87245
87246
87247
87248
87249
87250
87251
87252
87253
87254
87255
87256
87257
87258
87259
87260
87261
87262
87263
87264
87265
87266
87267
87268
87269
87270
87271
87272
87273
87274
87275
87276
87277
87278
87279
87280
87281
87282
87283
87284
87285
87286
87287
87288
87289
87290
87291
87292
87293
87294
87295
87296
87297
87298
87299
87300
87301
87302
87303
87304
87305
87306
87307
87308
87309
87310
87311
87312
87313
87314
87315
87316
87317
87318
87319
87320
87321
87322
87323
87324
87325
87326
87327
87328
87329
87330
87331
87332
87333
87334
87335
87336
87337
87338
87339
87340
87341
87342
87343
87344
87345
87346
87347
87348
87349
87350
87351
87352
87353
87354
87355
87356
87357
87358
87359
87360
87361
87362
87363
87364
87365
87366
87367
87368
87369
87370
87371
87372
87373
87374
87375
87376
87377
87378
87379
87380
87381
87382
87383
87384
87385
87386
87387
87388
87389
87390
87391
87392
87393
87394
87395
87396
87397
87398
87399
87400
87401
87402
87403
87404
87405
87406
87407
87408
87409
87410
87411
87412
87413
87414
87415
87416
87417
87418
87419
87420
87421
87422
87423
87424
87425
87426
87427
87428
87429
87430
87431
87432
87433
87434
87435
87436
87437
87438
87439
87440
87441
87442
87443
87444
87445
87446
87447
87448
87449
87450
87451
87452
87453
87454
87455
87456
87457
87458
87459
87460
87461
87462
87463
87464
87465
87466
87467
87468
87469
87470
87471
87472
87473
87474
87475
87476
87477
87478
87479
87480
87481
87482
87483
87484
87485
87486
87487
87488
87489
87490
87491
87492
87493
87494
87495
87496
87497
87498
87499
87500
87501
87502
87503
87504
87505
87506
87507
87508
87509
87510
87511
87512
87513
87514
87515
87516
87517
87518
87519
87520
87521
87522
87523
87524
87525
87526
87527
87528
87529
87530
87531
87532
87533
87534
87535
87536
87537
87538
87539
87540
87541
87542
87543
87544
87545
87546
87547
87548
87549
87550
87551
87552
87553
87554
87555
87556
87557
87558
87559
87560
87561
87562
87563
87564
87565
87566
87567
87568
87569
87570
87571
87572
87573
87574
87575
87576
87577
87578
87579
87580
87581
87582
87583
87584
87585
87586
87587
87588
87589
87590
87591
87592
87593
87594
87595
87596
87597
87598
87599
87600
87601
87602
87603
87604
87605
87606
87607
87608
87609
87610
87611
87612
87613
87614
87615
87616
87617
87618
87619
87620
87621
87622
87623
87624
87625
87626
87627
87628
87629
87630
87631
87632
87633
87634
87635
87636
87637
87638
87639
87640
87641
87642
87643
87644
87645
87646
87647
87648
87649
87650
87651
87652
87653
87654
87655
87656
87657
87658
87659
87660
87661
87662
87663
87664
87665
87666
87667
87668
87669
87670
87671
87672
87673
87674
87675
87676
87677
87678
87679
87680
87681
87682
87683
87684
87685
87686
87687
87688
87689
87690
87691
87692
87693
87694
87695
87696
87697
87698
87699
87700
87701
87702
87703
87704
87705
87706
87707
87708
87709
87710
87711
87712
87713
87714
87715
87716
87717
87718
87719
87720
87721
87722
87723
87724
87725
87726
87727
87728
87729
87730
87731
87732
87733
87734
87735
87736
87737
87738
87739
173140
173141
173142
173143
173144
173145
173146
173147
173148
173149
173150
173151
173152
173153
173154
173155
173156
173157
173158
173159
173160
173161
173162
173163
173164
173165
173166
173167
173168
173169
173170
173171
173172
173173
173174
173175
173176
173177
173178
173179
173180
173181
173182
173183
173184
173185
173186
173187
173188
173189
173190
173191
173192
173193
173194
173195
173196
173197
173198
173199
173200
173201
173202
173203
173204
173205
173206
173207
173208
173209
173210
173211
173212
173213
173214
173215
173216
173217
173218
173219
173220
173221
173222
173223
173224
173225
173226
173227
173228
173229
173230
173231
173232
173233
173234
173235
173236
173237
173238
173239
173240
173241
173242
173243
173244
173245
173246
173247
173248
173249
173250
173251
173252
173253
173254
173255
173256
173257
173258
173259
173260
173261
173262
173263
173264
173265
173266
173267
173268
173269
173270
173271
173272
173273
173274
173275
173276
173277
173278
173279
173280
173281
173282
173283
173284
173285
173286
173287
173288
173289
173290
173291
173292
173293
173294
173295
173296
173297
173298
173299
173300
173301
173302
173303
173304
173305
173306
173307
173308
173309
173310
173311
173312
173313
173314
173315
173316
173317
173318
173319
173320
173321
173322
173323
173324
173325
173326
173327
173328
173329
173330
173331
173332
173333
173334
173335
173336
173337
173338
173339
173340
173341
173342
173343
173344
173345
173346
173347
173348
173349
173350
173351
173352
173353
173354
173355
173356
173357
173358
173359
173360
173361
173362
173363
173364
173365
173366
173367
173368
173369
173370
173371
173372
173373
173374
173375
173376
173377
173378
173379
173380
173381
173382
173383
173384
173385
173386
173387
173388
173389
173390
173391
173392
173393
173394
173395
173396
173397
173398
173399
173400
173401
173402
173403
173404
173405
173406
173407
173408
173409
173410
173411
173412
173413
173414
173415
173416
173417
173418
173419
173420
173421
173422
173423
173424
173425
173426
173427
173428
173429
173430
173431
173432
173433
173434
173435
173436
173437
173438
173439
173440
173441
173442
173443
173444
173445
173446
173447
173448
173449
173450
173451
173452
173453
173454
173455
173456
173457
173458
173459
173460
173461
173462
173463
173464
173465
173466
173467
173468
173469
173470
173471
173472
173473
173474
173475
173476
173477
173478
173479
173480
173481
173482
173483
173484
173485
173486
173487
173488
173489
173490
173491
173492
173493
173494
173495
173496
173497
173498
173499
173500
173501
173502
173503
173504
173505
173506
173507
173508
173509
173510
173511
173512
173513
173514
173515
173516
173517
173518
173519
173520
173521
173522
173523
173524
173525
173526
173527
173528
173529
173530
173531
173532
173533
173534
173535
173536
173537
173538
173539
173540
173541
173542
173543
173544
173545
173546
173547
173548
173549
173550
173551
173552
173553
173554
173555
173556
173557
173558
173559
173560
173561
173562
173563
173564
173565
173566
173567
173568
173569
173570
173571
173572
173573
173574
173575
173576
173577
173578
173579
173580
173581
173582
173583
173584
173585
173586
173587
173588
173589
173590
173591
173592
173593
173594
173595
173596
173597
173598
173599
173600
173601
173602
173603
173604
173605
173606
173607
173608
173609
173610
173611
173612
173613
173614
173615
173616
173617
173618
173619
173620
173621
173622
173623
173624
173625
173626
173627
173628
173629
173630
173631
173632
173633
173634
173635
173636
173637
173638
173639
243360
243361
243362
243363
243364
243365
243366
243367
243368
243369
243370
243371
243372
243373
243374
243375
243376
243377
243378
243379
243380
243381
243382
243383
243384
243385
243386
243387
243388
243389
243390
243391
243392
243393
243394
243395
243396
243397
243398
243399
243400
243401
243402
243403
243404
243405
243406
243407
243408
243409
243410
243411
243412
243413
243414
243415
243416
243417
243418
243419
243420
243421
243422
243423
243424
243425
243426
243427
243428
243429
243430
243431
243432
243433
243434
243435
243436
243437
243438
243439
243440
243441
243442
243443
243444
243445
243446
243447
243448
243449
243450
243451
243452
243453
243454
243455
243456
243457
243458
243459
243460
243461
243462
243463
243464
243465
243466
243467
243468
243469
243470
243471
243472
243473
243474
243475
243476
243477
243478
243479
243480
243481
243482
243483
243484
243485
243486
243487
243488
243489
243490
243491
243492
243493
243494
243495
243496
243497
243498
243499
243500
243501
243502
243503
243504
243505
243506
243507
243508
243509
243510
243511
243512
243513
243514
243515
243516
243517
243518
243519
243520
243521
243522
243523
243524
243525
243526
243527
243528
243529
243530
243531
243532
243533
243534
243535
243536
243537
243538
243539
243540
243541
243542
243543
243544
243545
243546
243547
243548
243549
243550
243551
243552
243553
243554
243555
243556
243557
243558
243559
243560
243561
243562
243563
243564
243565
243566
243567
243568
243569
243570
243571
243572
243573
243574
243575
243576
243577
243578
243579
243580
243581
243582
243583
243584
243585
243586
243587
243588
243589
243590
243591
243592
243593
243594
243595
243596
243597
243598
243599
243600
243601
243602
243603
243604
243605
243606
243607
243608
243609
243610
243611
243612
243613
243614
243615
243616
243617
243618
243619
243620
243621
243622
243623
243624
243625
243626
243627
243628
243629
243630
243631
243632
243633
243634
243635
243636
243637
243638
243639
243640
243641
243642
243643
243644
243645
243646
243647
243648
243649
243650
243651
243652
243653
243654
243655
243656
243657
243658
243659
243660
243661
243662
243663
243664
243665
243666
243667
243668
243669
243670
243671
243672
243673
243674
243675
243676
243677
243678
243679
243680
243681
243682
243683
243684
243685
243686
243687
243688
243689
243690
243691
243692
243693
243694
243695
243696
243697
243698
243699
243700
243701
243702
243703
243704
243705
243706
243707
243708
243709
243710
243711
243712
243713
243714
243715
243716
243717
243718
243719
243720
243721
243722
243723
243724
243725
243726
243727
243728
243729
243730
243731
243732
243733
243734
243735
243736
243737
243738
243739
243740
243741
243742
243743
243744
243745
243746
243747
243748
243749
243750
243751
243752
243753
243754
243755
243756
243757
243758
243759
243760
243761
243762
243763
243764
243765
243766
243767
243768
243769
243770
243771
243772
243773
243774
243775
243776
243777
243778
243779
243780
243781
243782
243783
243784
243785
243786
243787
243788
243789
243790
243791
243792
243793
243794
243795
243796
243797
243798
243799
243800
243801
243802
243803
243804
243805
243806
243807
243808
243809
243810
243811
243812
243813
243814
243815
243816
243817
243818
243819
243820
243821
243822
243823
243824
243825
243826
243827
243828
243829
243830
243831
243832
243833
243834
243835
243836
243837
243838
243839
243840
243841
243842
243843
243844
243845
243846
243847
243848
243849
243850
243851
243852
243853
243854
243855
243856
243857
243858
243859

