0
1
2
3
4
5
6
7
8
9
10
11
12
13
14
15
16
17
18
19
20
21
22
23
24
25
26
27
28
29
30
31
32
33
34
35
36
37
38
39
40
41
42
43
44
45
46
47
48
49
50
51
52
53
54
55
56
57
58
59
60
61
62
63
64
65
66
67
68
69
70
71
72
73
74
75
76
77
78
79
80
81
82
83
84
85
86
87
88
89
90
91
92
93
94
95
96
97
98
99
100
101
102
103
104
105
106
107
108
109
110
111
112
113
114
115
116
117
118
119
120
121
122
123
124
125
126
127
128
129
130
131
132
133
134
135
136
137
138
139
140
141
142
143
144
145
146
147
148
149
150
151
152
153
154
155
156
157
158
159
160
161
162
163
164
165
166
167
168
169
170
171
172
173
174
175
176
177
178
179
180
181
182
183
184
185
186
187
188
189
190
191
192
193
194
195
196
197
198
199
200
201
202
203
204
205
206
207
208
209
210
211
212
213
214
215
216
217
218
219
220
221
222
223
224
225
226
227
228
229
230
231
232
233
234
235
236
237
238
239
240
241
242
243
244
245
246
247
248
249
250
251
252
253
254
255
256
257
258
259
260
261
262
263
264
265
266
267
268
269
270
271
272
273
274
275
276
277
278
279
280
281
282
283
284
285
286
287
288
289
290
291
292
293
294
295
296
297
298
299
300
301
302
303
304
305
306
307
308
309
310
311
312
313
314
315
316
317
318
319
320
321
322
323
324
325
326
327
328
329
330
331
332
333
334
335
336
337
338
339
340
341
342
343
344
345
346
347
348
349
350
351
352
353
354
355
356
357
358
359
360
361
362
363
364
365
366
367
368
369
370
371
372
373
374
375
376
377
378
379
380
381
382
383
384
385
386
387
388
389
390
391
392
393
394
395
396
397
398
399
400
401
402
403
404
405
406
407
408
409
410
411
412
413
414
415
416
417
418
419
420
421
422
423
424
425
426
427
428
429
430
431
432
433
434
435
436
437
438
439
440
441
442
443
444
445
446
447
448
449
450
451
452
453
454
455
456
457
458
459
460
461
462
463
464
465
466
467
468
469
470
471
472
473
474
475
476
477
478
479
480
481
482
483
484
485
486
487
488
489
490
491
492
493
494
495
496
497
498
499
500
501
502
503
504
505
506
507
508
509
510
511
512
513
514
515
516
517
518
519
520
521
522
523
524
525
526
527
528
529
530
531
532
533
534
535
536
537
538
539
540
541
542
543
544
545
546
547
548
549
550
551
552
553
554
555
556
557
558
559
560
561
562
563
564
565
566
567
568
569
570
571
572
573
574
575
576
577
578
579
580
581
582
583
584
585
586
587
588
589
590
591
592
593
594
595
596
597
598
599
600
601
602
603
604
605
606
607
608
609
610
611
612
613
614
615
616
617
618
619
620
621
622
623
624
625
626
627
628
629
630
631
632
633
634
635
636
637
638
639
640
641
642
643
644
645
646
647
648
649
650
651
652
653
654
655
656
657
658
659
660
661
662
663
664
665
666
667
668
669
670
671
672
673
674
675
676
677
678
679
680
681
682
683
684
685
686
687
688
689
690
691
692
693
694
695
696
697
698
699
700
701
702
703
704
705
706
707
708
709
710
711
712
713
714
715
716
717
718
719
720
721
722
723
724
725
726
727
728
729
730
731
732
733
734
735
736
737
738
739
740
741
742
743
744
745
746
747
748
749
750
751
752
753
754
755
756
757
758
759
760
761
762
763
764
765
766
767
768
769
770
771
772
773
774
775
776
777
778
779
780
781
782
783
784
785
786
787
788
789
790
791
792
793
794
795
796
797
798
799
800
801
802
803
804
805
806
807
808
809
810
811
812
813
814
815
816
817
818
819
820
821
822
823
824
825
826
827
828
829
830
831
832
833
834
835
836
837
838
839
840
841
842
843
844
845
846
847
848
849
850
851
852
853
854
855
856
857
858
859
860
861
862
863
864
865
866
867
868
869
870
871
872
873
874
875
876
877
878
879
880
881
882
883
884
885
886
887
888
889
890
891
892
893
894
895
896
897
898
899
900
901
902
903
904
905
906
907
908
909
910
911
912
913
914
915
916
917
918
919
920
921
922
923
924
925
926
927
928
929
930
931
932
933
934
935
936
937
938
939
940
941
942
943
944
945
946
947
948
949
950
951
952
953
954
955
956
957
958
959
960
961
962
963
964
965
966
967
968
969
970
971
972
973
974
975
976
977
978
979
980
981
982
983
984
985
986
987
988
989
990
991
992
993
994
995
996
997
998
999
1000
1001
1002
1003
1004
1005
1006
1007
1008
1009
1010
1011
1012
1013
1014
1015
1016
1017
1018
1019
1020
1021
1022
1023
1024
1025
1026
1027
1028
1029
1030
1031
1032
1033
1034
1035
1036
1037
1038
1039
1040
1041
1042
1043
1044
1045
1046
1047
1048
1049
1050
1051
1052
1053
1054
1055
1056
1057
1058
1059
1060
1061
1062
1063
1064
1065
1066
1067
1068
1069
1070
1071
1072
1073
1074
1075
1076
1077
1078
1079
1080
1081
1082
1083
1084
1085
1086
1087
1088
1089
1090
1091
1092
1093
1094
1095
1096
1097
1098
1099
1100
1101
1102
1103
1104
1105
1106
1107
1108
1109
1110
1111
1112
1113
1114
1115
1116
1117
1118
1119
1120
1121
1122
1123
1124
1125
1126
1127
1128
1129
1130
1131
1132
1133
1134
1135
1136
1137
1138
1139
1140
1141
1142
1143
1144
1145
1146
1147
1148
1149
1150
1151
1152
1153
1154
1155
1156
1157
1158
1159
1160
1161
1162
1163
1164
1165
1166
1167
1168
1169
1170
1171
1172
1173
1174
1175
1176
1177
1178
1179
1180
1181
1182
1183
1184
1185
1186
1187
1188
1189
1190
1191
1192
1193
1194
1195
1196
1197
1198
1199
1200
1201
1202
1203
1204
1205
1206
1207
1208
1209
1210
1211
1212
1213
1214
1215
1216
1217
1218
1219
1220
1221
1222
1223
1224
1225
1226
1227
1228
1229
1230
1231
1232
1233
1234
1235
1236
1237
1238
1239
1240
1241
1242
1243
1244
1245
1246
1247
1248
1249
1250
1251
1252
1253
1254
1255
1256
1257
1258
1259
1260
1261
1262
1263
1264
1265
1266
1267
1268
1269
1270
1271
1272
1273
1274
1275
1276
1277
1278
1279
1280
1281
1282
1283
1284
1285
1286
1287
1288
1289
1290
1291
1292
1293
1294
1295
1296
1297
1298
1299
1300
1301
1302
1303
1304
1305
1306
1307
1308
1309
1310
1311
1312
1313
1314
1315
1316
1317
1318
1319
1320
1321
1322
1323
1324
1325
1326
1327
1328
1329
1330
1331
1332
1333
1334
1335
1336
1337
1338
1339
1340
1341
1342
1343
1344
1345
1346
1347
1348
1349
1350
1351
1352
1353
1354
1355
1356
1357
1358
1359
1360
1361
1362
1363
1364
1365
1366
1367
1368
1369
1370
1371
1372
1373
1374
1375
1376
1377
1378
1379
1380
1381
1382
1383
1384
1385
1386
1387
1388
1389
1390
1391
1392
1393
1394
1395
1396
1397
1398
1399
1400
1401
1402
1403
1404
1405
1406
1407
1408
1409
1410
1411
1412
1413
1414
1415
1416
1417
1418
1419
1420
1421
1422
1423
1424
1425
1426
1427
1428
1429
1430
1431
1432
1433
1434
1435
1436
1437
1438
1439
1440
1441
1442
1443
1444
1445
1446
1447
1448
1449
1450
1451
1452
1453
1454
1455
1456
1457
1458
1459
1460
1461
1462
1463
1464
1465
1466
1467
1468
1469
1470
1471
1472
1473
1474
1475
1476
1477
1478
1479
1480
1481
1482
1483
1484
1485
1486
1487
1488
1489
1490
1491
1492
1493
1494
1495
1496
1497
1498
1499
1500
1501
1502
1503
1504
1505
1506
1507
1508
1509
1510
1511
1512
1513
1514
1515
1516
1517
1518
1519
1520
1521
1522
1523
1524
1525
1526
1527
1528
1529
1530
1531
1532
1533
1534
1535
1536
1537
1538
1539
1540
1541
1542
1543
1544
1545
1546
1547
1548
1549
1550
1551
1552
1553
1554
1555
1556
1557
1558
1559
1560
1561
1562
1563
1564
1565
1566
1567
1568
1569
1570
1571
1572
1573
1574
1575
1576
1577
1578
1579
1580
1581
1582
1583
1584
1585
1586
1587
1588
1589
1590
1591
1592
1593
1594
1595
1596
1597
1598
1599
1600
1601
1602
1603
1604
1605
1606
1607
1608
1609
1610
1611
1612
1613
1614
1615
1616
1617
1618
1619
1620
1621
1622
1623
1624
1625
1626
1627
1628
1629
1630
1631
1632
1633
1634
1635
1636
1637
1638
1639
1640
1641
1642
1643
1644
1645
1646
1647
1648
1649
1650
1651
1652
1653
1654
1655
1656
1657
1658
1659
1660
1661
1662
1663
1664
1665
1666
1667
1668
1669
1670
1671
1672
1673
1674
1675
1676
1677
1678
1679
1680
1681
1682
1683
1684
1685
1686
1687
1688
1689
1690
1691
1692
1693
1694
1695
1696
1697
1698
1699
1700
1701
1702
1703
1704
1705
1706
1707
1708
1709
1710
1711
1712
1713
1714
1715
1716
1717
1718
1719
1720
1721
1722
1723
1724
1725
1726
1727
1728
1729
1730
1731
1732
1733
1734
1735
1736
1737
1738
1739
1740
1741
1742
1743
1744
1745
1746
1747
1748
1749
1750
1751
1752
1753
1754
1755
1756
1757
1758
1759
1760
1761
1762
1763
1764
1765
1766
1767
1768
1769
1770
1771
1772
1773
1774
1775
1776
1777
1778
1779
1780
1781
1782
1783
1784
1785
1786
1787
1788
1789
1790
1791
1792
1793
1794
1795
1796
1797
1798
1799
1800
1801
1802
1803
1804
1805
1806
1807
1808
1809
1810
1811
1812
1813
1814
1815
1816
1817
1818
1819
1820
1821
1822
1823
1824
1825
1826
1827
1828
1829
1830
1831
1832
1833
1834
1835
1836
1837
1838
1839
1840
1841
1842
1843
1844
1845
1846
1847
1848
1849
1850
1851
1852
1853
1854
1855
1856
1857
1858
1859
1860
1861
1862
1863
1864
1865
1866
1867
1868
1869
1870
1871
1872
1873
1874
1875
1876
1877
1878
1879
1880
1881
1882
1883
1884
1885
1886
1887
1888
1889
1890
1891
1892
1893
1894
1895
1896
1897
1898
1899
1900
1901
1902
1903
1904
1905
1906
1907
1908
1909
1910
1911
1912
1913
1914
1915
1916
1917
1918
1919
1920
1921
1922
1923
1924
1925
1926
1927
1928
1929
1930
1931
1932
1933
1934
1935
1936
1937
1938
1939
1940
1941
1942
1943
1944
1945
1946
1947
1948
1949
1950
1951
1952
1953
1954
1955
1956
1957
1958
1959
1960
1961
1962
1963
1964
1965
1966
1967
1968
1969
1970
1971
1972
1973
1974
1975
1976
1977
1978
1979
1980
1981
1982
1983
1984
1985
1986
1987
1988
1989
1990
1991
1992
1993
1994
1995
1996
1997
1998
1999
2000
2001
2002
2003
2004
2005
2006
2007
2008
2009
2010
2011
2012
2013
2014
2015
2016
2017
2018
2019
2020
2021
2022
2023
2024
2025
2026
2027
2028
2029
2030
2031
2032
2033
2034
2035
2036
2037
2038
2039
2040
2041
2042
2043
2044
2045
2046
2047
2048
2049
2050
2051
2052
2053
2054
2055
2056
2057
2058
2059
2060
2061
2062
2063
2064
2065
2066
2067
2068
2069
2070
2071
2072
2073
2074
2075
2076
2077
2078
2079
2080
2081
2082
2083
2084
2085
2086
2087
2088
2089
2090
2091
2092
2093
2094
2095
2096
2097
2098
2099
2100
2101
2102
2103
2104
2105
2106
2107
2108
2109
2110
2111
2112
2113
2114
2115
2116
2117
2118
2119
2120
2121
2122
2123
2124
2125
2126
2127
2128
2129
2130
2131
2132
2133
2134
2135
2136
2137
2138
2139
2140
2141
2142
2143
2144
2145
2146
2147
2148
2149
2150
2151
2152
2153
2154
2155
2156
2157
2158
2159
2160
2161
2162
2163
2164
2165
2166
2167
2168
2169
2170
2171
2172
2173
2174
2175
2176
2177
2178
2179
2180
2181
2182
2183
2184
2185
2186
2187
2188
2189
2190
2191
2192
2193
2194
2195
2196
2197
2198
2199
2200
2201
2202
2203
2204
2205
2206
2207
2208
2209
2210
2211
2212
2213
2214
2215
2216
2217
2218
2219
2220
2221
2222
2223
2224
2225
2226
2227
2228
2229
2230
2231
2232
2233
2234
2235
2236
2237
2238
2239
2240
2241
2242
2243
2244
2245
2246
2247
2248
2249
2250
2251
2252
2253
2254
2255
2256
2257
2258
2259
2260
2261
2262
2263
2264
2265
2266
2267
2268
2269
2270
2271
2272
2273
2274
2275
2276
2277
2278
2279
2280
2281
2282
2283
2284
2285
2286
2287
2288
2289
2290
2291
2292
2293
2294
2295
2296
2297
2298
2299
2300
2301
2302
2303
2304
2305
2306
2307
2308
2309
2310
2311
2312
2313
2314
2315
2316
2317
2318
2319
2320
2321
2322
2323
2324
2325
2326
2327
2328
2329
2330
2331
2332
2333
2334
2335
2336
2337
2338
2339
2340
2341
2342
2343
345115
345116
345117
345118
345119
345120
345121
345122
345123
345124
345125
345126
345127
345128
345129
345130
345131
345132
345133
345134
345135
345136
345137
345138
345139
345140
345141
345142
345143
345144
345145
345146
345147
345148
345149
345150
345151
345152
345153
345154
345155
345156
345157
345158
345159
345160
345161
345162
345163
345164
345165
345166
345167
345168
345169
345170
345171
345172
345173
345174
345175
345176
345177
345178
345179
345180
345181
345182
345183
345184
345185
345186
345187
345188
345189
345190
345191
345192
345193
345194
345195
345196
345197
345198
345199
345200
345201
345202
345203
345204
345205
345206
345207
345208
345209
345210
345211
345212
345213
345214
345215
345216
345217
345218
345219
345220
345221
345222
345223
345224
345225
345226
345227
345228
345229
345230
345231
345232
345233
345234
345235
345236
345237
345238
345239
345240
345241
345242
345243
345244
345245
345246
345247
345248
345249
345250
345251
345252
345253
345254
345255
345256
345257
345258
345259
345260
345261
345262
345263
345264
345265
345266
345267
345268
345269
345270
345271
345272
345273
345274
345275
345276
345277
345278
345279
345280
345281
345282
345283
345284
345285
345286
345287
345288
345289
345290
345291
345292
345293
345294
345295
345296
345297
345298
345299
345300
345301
345302
345303
345304
345305
345306
345307
345308
345309
345310
345311
345312
345313
345314
345315
345316
345317
345318
345319
345320
345321
345322
345323
345324
345325
345326
345327
345328
345329
345330
345331
345332
345333
345334
345335
345336
345337
345338
345339
345340
345341
345342
345343
345344
345345
345346
345347
345348
345349
345350
345351
345352
345353
345354
345355
345356
345357
345358
345359
345360
345361
345362
345363
345364
345365
345366
345367
345368
345369
345370
345371
345372
345373
345374
345375
345376
345377
345378
345379
345380
345381
345382
345383
345384
345385
345386
345387
345388
345389
345390
345391
345392
345393
345394
345395
345396
345397
345398
345399
345400
345401
345402
345403
345404
345405
345406
345407
345408
345409
345410
345411
345412
345413
345414
345415
345416
345417
345418
345419
345420
345421
345422
345423
345424
345425
345426
345427
345428
345429
345430
345431
345432
345433
345434
345435
345436
345437
345438
345439
345440
345441
345442
345443
345444
345445
345446
345447
345448
345449
345450
345451
345452
345453
345454
345455
345456
345457
345458
345459
345460
345461
345462
345463
345464
345465
345466
345467
345468
345469
345470
345471
345472
345473
345474
345475
345476
345477
345478
345479
345480
345481
345482
345483
345484
345485
345486
345487
345488
345489
345490
345491
345492
345493
345494
345495
345496
345497
345498
345499
345500
345501
345502
345503
345504
345505
345506
345507
345508
345509
345510
345511
345512
345513
345514
345515
345516
345517
345518
345519
345520
345521
345522
345523
345524
345525
345526
345527
345528
345529
345530
345531
345532
345533
345534
345535
345536
345537
345538
345539
345540
345541
345542
345543
345544
345545
345546
345547
345548
345549
345550
345551
345552
345553
345554
345555
345556
345557
345558
345559
345560
345561
345562
345563
345564
345565
345566
345567
345568
345569
345570
345571
345572
345573
345574
345575
345576
345577
345578
345579
345580
345581
345582
345583
345584
345585
345586
345587
345588
345589
345590
345591
345592
345593
345594
345595
345596
345597
345598
345599
345600
345601
345602
345603
345604
345605
345606
345607
345608
345609
345610
345611
345612
345613
345614
345615
345616
345617
345618
345619
345620
345621
345622
345623
345624
345625
345626
345627
345628
345629
345630
345631
345632
345633
345634
345635
345636
345637
345638
345639
345640
345641
345642
345643
345644
345645
345646
345647
345648
345649
345650
345651
345652
345653
345654
345655
345656
345657
345658
345659
345660
345661
345662
345663
345664
345665
345666
345667
345668
345669
345670
345671
345672
345673
345674
345675
345676
345677
345678
345679
345680
345681
345682
345683
345684
345685
345686
345687
345688
345689
345690
345691
345692
345693
345694
345695
345696
345697
345698
345699
345700
345701
345702
345703
345704
345705
345706
345707
345708
345709
345710
345711
345712
345713
345714
345715
345716
345717
345718
345719
345720
345721
345722
345723
345724
345725
345726
345727
345728
345729
345730
345731
345732
345733
345734
345735
345736
345737
345738
345739
345740
345741
345742
345743
345744
345745
345746
345747
345748
345749
345750
345751
345752
345753
345754
345755
345756
345757
345758
345759
345760
345761
345762
345763
345764
345765
345766
345767
345768
345769
345770
345771
345772
345773
345774
345775
345776
345777
345778
345779
345780
345781
345782
345783
345784
345785
345786
345787
345788
345789
345790
345791
345792
345793
345794
345795
345796
345797
345798
345799
345800
345801
345802
345803
345804
345805
345806
345807
345808
345809
345810
345811
345812
345813
345814
345815
345816
345817
345818
345819
345820
345821
345822
345823
345824
345825
345826
345827
345828
345829
345830
345831
345832
345833
345834
345835
345836
345837
345838
345839
345840
345841
345842
345843
345844
345845
345846
345847
345848
345849
345850
345851
345852
345853
345854
345855
345856
345857
345858
345859
345860
345861
345862
345863
345864
345865
345866
345867
345868
345869
345870
345871
345872
345873
345874
345875
345876
345877
345878
345879
345880
345881
345882
345883
345884
345885
345886
345887
345888
345889
345890
345891
345892
345893
345894
345895
345896
345897
345898
345899
345900
345901
345902
345903
345904
345905
345906
345907
345908
345909
345910
345911
345912
345913
345914
345915
345916
345917
345918
345919
345920
345921
345922
345923
345924
345925
345926
345927
345928
345929
345930
345931
345932
345933
345934
345935
345936
345937
345938
345939
345940
345941
345942
345943
345944
345945
345946
345947
345948
345949
345950
345951
345952
345953
345954
345955
345956
345957
345958
345959
345960
345961
345962
345963
345964
345965
345966
345967
345968
345969
345970
345971
345972
345973
345974
345975
345976
345977
345978
345979
345980
345981
345982
345983
345984
345985
345986
345987
345988
345989
345990
345991
345992
345993
345994
345995
345996
345997
345998
345999
346000
346001
346002
346003
346004
346005
346006
346007
346008
346009
346010
346011
346012
346013
346014
346015
346016
346017
346018
346019
346020
346021
346022
346023
346024
346025
346026
346027
346028
346029
346030
346031
346032
346033
346034
346035
346036
346037
346038
346039
346040
346041
346042
346043
346044
346045
346046
346047
346048
346049
346050
346051
346052
346053
346054
346055
346056
346057
346058
346059
346060
346061
346062
346063
346064
346065
346066
346067
346068
346069
346070
346071
346072
346073
346074
346075
346076
346077
346078
346079
346080
346081
346082
346083
346084
346085
346086
346087
346088
346089
346090
346091
346092
346093
346094
346095
346096
346097
346098
346099
346100
346101
346102
346103
346104
346105
346106
346107
346108
346109
346110
346111
346112
346113
346114
346115
346116
346117
346118
346119
346120
346121
346122
346123
346124
346125
346126
346127
346128
346129
346130
346131
346132
346133
346134
346135
346136
346137
346138
346139
346140
346141
346142
346143
346144
346145
346146
346147
346148
346149
346150
346151
346152
346153
346154
346155
346156
346157
346158
346159
346160
346161
346162
346163
346164
346165
346166
346167
346168
346169
346170
346171
346172
346173
346174
346175
346176
346177
346178
346179
346180
346181
346182
346183
346184
346185
346186
346187
346188
346189
346190
346191
346192
346193
346194
346195
346196
346197
346198
346199
346200
346201
346202
346203
346204
346205
346206
346207
346208
346209
346210
346211
346212
346213
346214
346215
346216
346217
346218
346219
346220
346221
346222
346223
346224
346225
346226
346227
346228
346229
346230
346231
346232
346233
346234
346235
346236
346237
346238
346239
346240
346241
346242
346243
346244
346245
346246
346247
346248
346249
346250
346251
346252
346253
346254
346255
346256
346257
346258
346259
346260
346261
346262
346263
346264
346265
346266
346267
346268
346269
346270
346271
346272
346273
346274
346275
346276
346277
346278
346279
346280
346281
346282
346283
346284
346285
346286
346287
346288
346289
346290
346291
346292
346293
346294
346295
346296
346297
346298
346299
346300
346301
346302
346303
346304
346305
346306
346307
346308
346309
346310
346311
346312
346313
346314
346315
346316
346317
346318
346319
346320
346321
346322
346323
346324
346325
346326
346327
346328
346329
346330
346331
346332
346333
346334
346335
346336
346337
346338
346339
346340
346341
346342
346343
346344
346345
346346
346347
346348
346349
346350
346351
346352
346353
346354
346355
346356
346357
346358
346359
346360
346361
346362
346363
346364
346365
346366
346367
346368
346369
346370
346371
346372
346373
346374
346375
346376
346377
346378
346379
346380
346381
346382
346383
346384
346385
346386
346387
346388
346389
346390
346391
346392
346393
346394
346395
346396
346397
346398
346399
346400
346401
346402
346403
346404
346405
346406
346407
346408
346409
346410
346411
346412
346413
346414
346415
346416
346417
346418
346419
346420
346421
346422
346423
346424
346425
346426
346427
346428
346429
346430
346431
346432
346433
346434
346435
346436
346437
346438
346439
346440
346441
346442
346443
346444
346445
346446
346447
346448
346449
346450
346451
346452
346453
346454
346455
346456
346457
346458
346459
346460
346461
346462
346463
346464
346465
346466
346467
346468
346469
346470
346471
346472
346473
346474
346475
346476
346477
346478
346479
346480
346481
346482
346483
346484
346485
346486
346487
346488
346489
346490
346491
346492
346493
346494
346495
346496
346497
346498
346499
346500
346501
346502
346503
346504
346505
346506
346507
346508
346509
346510
346511
346512
346513
346514
346515
346516
346517
346518
346519
346520
346521
346522
346523
346524
346525
346526
346527
346528
346529
346530
346531
346532
346533
346534
346535
346536
346537
346538
346539
346540
346541
346542
346543
346544
346545
346546
346547
346548
346549
346550
346551
346552
346553
346554
346555
346556
346557
346558
346559
346560
346561
346562
346563
346564
346565
346566
346567
346568
346569
346570
346571
346572
346573
346574
346575
346576
346577
346578
346579
346580
346581
346582
346583
346584
346585
346586
346587
346588
346589
346590
346591
346592
346593
346594
346595
346596
346597
346598
346599
346600
346601
346602
346603
346604
346605
346606
346607
346608
346609
346610
346611
346612
346613
346614
346615
346616
346617
346618
346619
346620
346621
346622
346623
346624
346625
346626
346627
346628
346629
346630
346631
346632
346633
346634
346635
346636
346637
346638
346639
346640
346641
346642
346643
346644
346645
346646
346647
346648
346649
346650
346651
346652
346653
346654
346655
346656
346657
346658
346659
346660
346661
346662
346663
346664
346665
346666
346667
346668
346669
346670
346671
346672
346673
346674
346675
346676
346677
346678
346679
346680
346681
346682
346683
346684
346685
346686
346687
346688
346689
346690
346691
346692
346693
346694
346695
346696
346697
346698
346699
346700
346701
346702
346703
346704
346705
346706
346707
346708
346709
346710
346711
346712
346713
346714
346715
346716
346717
346718
346719
346720
346721
346722
346723
346724
346725
346726
346727
346728
346729
346730
346731
346732
346733
346734
346735
346736
346737
346738
346739
346740
346741
346742
346743
346744
346745
346746
346747
346748
346749
346750
346751
346752
346753
346754
346755
346756
346757
346758
346759
346760
346761
346762
346763
346764
346765
346766
346767
346768
346769
346770
346771
346772
346773
346774
346775
346776
346777
346778
346779
346780
346781
346782
346783
346784
346785
346786
346787
346788
346789
346790
346791
346792
346793
346794
346795
346796
346797
346798
346799
346800
346801
346802
346803
346804
346805
346806
346807
346808
346809
346810
346811
346812
346813
346814
346815
346816
346817
346818
346819
346820
346821
346822
346823
346824
346825
346826
346827
346828
346829
346830
346831
346832
346833
346834
346835
346836
346837
346838
346839
346840
346841
346842
346843
346844
346845
346846
346847
346848
346849
346850
346851
346852
346853
346854
346855
346856
346857
346858
346859
346860
346861
346862
346863
346864
346865
346866
346867
346868
346869
346870
346871
346872
346873
346874
346875
346876
346877
346878
346879
346880
346881
346882
346883
346884
346885
346886
346887
346888
346889
346890
346891
346892
346893
346894
346895
346896
346897
346898
346899
346900
346901
346902
346903
346904
346905
346906
346907
346908
346909
346910
346911
346912
346913
346914
346915
346916
346917
346918
346919
346920
346921
346922
346923
346924
346925
346926
346927
346928
346929
346930
346931
346932
346933
346934
346935
346936
346937
346938
346939
346940
346941
346942
346943
346944
346945
346946
346947
346948
346949
346950
346951
346952
346953
346954
346955
346956
346957
346958
346959
346960
346961
346962
346963
346964
346965
346966
346967
346968
346969
346970
346971
346972
346973
346974
346975
346976
346977
346978
346979
346980
346981
346982
346983
346984
346985
346986
346987
346988
346989
346990
346991
346992
346993
346994
346995
346996
346997
346998
346999
347000
347001
347002
347003
347004
347005
347006
347007
347008
347009
347010
347011
347012
347013
347014
347015
347016
347017
347018
347019
347020
347021
347022
347023
347024
347025
347026
347027
347028
347029
347030
347031
347032
347033
347034
347035
347036
347037
347038
347039
347040
347041
347042
347043
347044
347045
347046
347047
347048
347049
347050
347051
347052
347053
347054
347055
347056
347057
347058
347059
347060
347061
347062
347063
347064
347065
347066
347067
347068
347069
347070
347071
347072
347073
347074
347075
347076
347077
347078
347079
347080
347081
347082
347083
347084
347085
347086
347087
347088
347089
347090
347091
347092
347093
347094
347095
347096
347097
347098
347099
347100
347101
347102
347103
347104
347105
347106
347107
347108
347109
347110
347111
347112
347113
347114
347115
347116
347117
347118
347119
347120
347121
347122
347123
347124
347125
347126
347127
347128
347129
347130
347131
347132
347133
347134
347135
347136
347137
347138
347139
347140
347141
347142
347143
347144
347145
347146
347147
347148
347149
347150
347151
347152
347153
347154
347155
347156
347157
347158
347159
347160
347161
347162
347163
347164
347165
347166
347167
347168
347169
347170
347171
347172
347173
347174
347175
347176
347177
347178
347179
347180
347181
347182
347183
347184
347185
347186
347187
347188
347189
347190
347191
347192
347193
347194
347195
347196
347197
347198
347199
347200
347201
347202
347203
347204
347205
347206
347207
347208
347209
347210
347211
347212
347213
347214
347215
347216
347217
347218
347219
347220
347221
347222
347223
347224
347225
347226
347227
347228
347229
347230
347231
347232
347233
347234
347235
347236
347237
347238
347239
347240
347241
347242
347243
347244
347245
347246
347247
347248
347249
347250
347251
347252
347253
347254
347255
347256
347257
347258
347259
347260
347261
347262
347263
347264
347265
347266
347267
347268
347269
347270
347271
347272
347273
347274
347275
347276
347277
347278
347279
347280
347281
347282
347283
347284
347285
347286
347287
347288
347289
347290
347291
347292
347293
347294
347295
347296
347297
347298
347299
347300
347301
347302
347303
347304
347305
347306
347307
347308
347309
347310
347311
347312
347313
347314
347315
347316
347317
347318
347319
347320
347321
347322
347323
347324
347325
347326
347327
347328
347329
347330
347331
347332
347333
347334
347335
347336
347337
347338
347339
347340
347341
347342
347343
347344
347345
347346
347347
347348
347349
347350
347351
347352
347353
347354
347355
347356
347357
347358
347359
347360
347361
347362
347363
347364
347365
347366
347367
347368
347369
347370
347371
347372
347373
347374
347375
347376
347377
347378
347379
347380
347381
347382
347383
347384
347385
347386
347387
347388
347389
347390
347391
347392
347393
347394
347395
347396
347397
347398
347399
347400
347401
347402
347403
347404
347405
347406
347407
347408
347409
347410
347411
347412
347413
347414
347415
347416
347417
347418
347419
347420
347421
347422
347423
347424
347425
347426
347427
347428
347429
347430
347431
347432
347433
347434
347435
347436
347437
347438
347439
347440
347441
347442
347443
347444
347445
347446
347447
347448
347449
347450
347451
347452
347453
347454
347455
347456
347457
347458
690230
690231
690232
690233
690234
690235
690236
690237
690238
690239
690240
690241
690242
690243
690244
690245
690246
690247
690248
690249
690250
690251
690252
690253
690254
690255
690256
690257
690258
690259
690260
690261
690262
690263
690264
690265
690266
690267
690268
690269
690270
690271
690272
690273
690274
690275
690276
690277
690278
690279
690280
690281
690282
690283
690284
690285
690286
690287
690288
690289
690290
690291
690292
690293
690294
690295
690296
690297
690298
690299
690300
690301
690302
690303
690304
690305
690306
690307
690308
690309
690310
690311
690312
690313
690314
690315
690316
690317
690318
690319
690320
690321
690322
690323
690324
690325
690326
690327
690328
690329
690330
690331
690332
690333
690334
690335
690336
690337
690338
690339
690340
690341
690342
690343
690344
690345
690346
690347
690348
690349
690350
690351
690352
690353
690354
690355
690356
690357
690358
690359
690360
690361
690362
690363
690364
690365
690366
690367
690368
690369
690370
690371
690372
690373
690374
690375
690376
690377
690378
690379
690380
690381
690382
690383
690384
690385
690386
690387
690388
690389
690390
690391
690392
690393
690394
690395
690396
690397
690398
690399
690400
690401
690402
690403
690404
690405
690406
690407
690408
690409
690410
690411
690412
690413
690414
690415
690416
690417
690418
690419
690420
690421
690422
690423
690424
690425
690426
690427
690428
690429
690430
690431
690432
690433
690434
690435
690436
690437
690438
690439
690440
690441
690442
690443
690444
690445
690446
690447
690448
690449
690450
690451
690452
690453
690454
690455
690456
690457
690458
690459
690460
690461
690462
690463
690464
690465
690466
690467
690468
690469
690470
690471
690472
690473
690474
690475
690476
690477
690478
690479
690480
690481
690482
690483
690484
690485
690486
690487
690488
690489
690490
690491
690492
690493
690494
690495
690496
690497
690498
690499
690500
690501
690502
690503
690504
690505
690506
690507
690508
690509
690510
690511
690512
690513
690514
690515
690516
690517
690518
690519
690520
690521
690522
690523
690524
690525
690526
690527
690528
690529
690530
690531
690532
690533
690534
690535
690536
690537
690538
690539
690540
690541
690542
690543
690544
690545
690546
690547
690548
690549
690550
690551
690552
690553
690554
690555
690556
690557
690558
690559
690560
690561
690562
690563
690564
690565
690566
690567
690568
690569
690570
690571
690572
690573
690574
690575
690576
690577
690578
690579
690580
690581
690582
690583
690584
690585
690586
690587
690588
690589
690590
690591
690592
690593
690594
690595
690596
690597
690598
690599
690600
690601
690602
690603
690604
690605
690606
690607
690608
690609
690610
690611
690612
690613
690614
690615
690616
690617
690618
690619
690620
690621
690622
690623
690624
690625
690626
690627
690628
690629
690630
690631
690632
690633
690634
690635
690636
690637
690638
690639
690640
690641
690642
690643
690644
690645
690646
690647
690648
690649
690650
690651
690652
690653
690654
690655
690656
690657
690658
690659
690660
690661
690662
690663
690664
690665
690666
690667
690668
690669
690670
690671
690672
690673
690674
690675
690676
690677
690678
690679
690680
690681
690682
690683
690684
690685
690686
690687
690688
690689
690690
690691
690692
690693
690694
690695
690696
690697
690698
690699
690700
690701
690702
690703
690704
690705
690706
690707
690708
690709
690710
690711
690712
690713
690714
690715
690716
690717
690718
690719
690720
690721
690722
690723
690724
690725
690726
690727
690728
690729
690730
690731
690732
690733
690734
690735
690736
690737
690738
690739
690740
690741
690742
690743
690744
690745
690746
690747
690748
690749
690750
690751
690752
690753
690754
690755
690756
690757
690758
690759
690760
690761
690762
690763
690764
690765
690766
690767
690768
690769
690770
690771
690772
690773
690774
690775
690776
690777
690778
690779
690780
690781
690782
690783
690784
690785
690786
690787
690788
690789
690790
690791
690792
690793
690794
690795
690796
690797
690798
690799
690800
690801
690802
690803
690804
690805
690806
690807
690808
690809
690810
690811
690812
690813
690814
690815
690816
690817
690818
690819
690820
690821
690822
690823
690824
690825
690826
690827
690828
690829
690830
690831
690832
690833
690834
690835
690836
690837
690838
690839
690840
690841
690842
690843
690844
690845
690846
690847
690848
690849
690850
690851
690852
690853
690854
690855
690856
690857
690858
690859
690860
690861
690862
690863
690864
690865
690866
690867
690868
690869
690870
690871
690872
690873
690874
690875
690876
690877
690878
690879
690880
690881
690882
690883
690884
690885
690886
690887
690888
690889
690890
690891
690892
690893
690894
690895
690896
690897
690898
690899
690900
690901
690902
690903
690904
690905
690906
690907
690908
690909
690910
690911
690912
690913
690914
690915
690916
690917
690918
690919
690920
690921
690922
690923
690924
690925
690926
690927
690928
690929
690930
690931
690932
690933
690934
690935
690936
690937
690938
690939
690940
690941
690942
690943
690944
690945
690946
690947
690948
690949
690950
690951
690952
690953
690954
690955
690956
690957
690958
690959
690960
690961
690962
690963
690964
690965
690966
690967
690968
690969
690970
690971
690972
690973
690974
690975
690976
690977
690978
690979
690980
690981
690982
690983
690984
690985
690986
690987
690988
690989
690990
690991
690992
690993
690994
690995
690996
690997
690998
690999
691000
691001
691002
691003
691004
691005
691006
691007
691008
691009
691010
691011
691012
691013
691014
691015
691016
691017
691018
691019
691020
691021
691022
691023
691024
691025
691026
691027
691028
691029
691030
691031
691032
691033
691034
691035
691036
691037
691038
691039
691040
691041
691042
691043
691044
691045
691046
691047
691048
691049
691050
691051
691052
691053
691054
691055
691056
691057
691058
691059
691060
691061
691062
691063
691064
691065
691066
691067
691068
691069
691070
691071
691072
691073
691074
691075
691076
691077
691078
691079
691080
691081
691082
691083
691084
691085
691086
691087
691088
691089
691090
691091
691092
691093
691094
691095
691096
691097
691098
691099
691100
691101
691102
691103
691104
691105
691106
691107
691108
691109
691110
691111
691112
691113
691114
691115
691116
691117
691118
691119
691120
691121
691122
691123
691124
691125
691126
691127
691128
691129
691130
691131
691132
691133
691134
691135
691136
691137
691138
691139
691140
691141
691142
691143
691144
691145
691146
691147
691148
691149
691150
691151
691152
691153
691154
691155
691156
691157
691158
691159
691160
691161
691162
691163
691164
691165
691166
691167
691168
691169
691170
691171
691172
691173
691174
691175
691176
691177
691178
691179
691180
691181
691182
691183
691184
691185
691186
691187
691188
691189
691190
691191
691192
691193
691194
691195
691196
691197
691198
691199
691200
691201
691202
691203
691204
691205
691206
691207
691208
691209
691210
691211
691212
691213
691214
691215
691216
691217
691218
691219
691220
691221
691222
691223
691224
691225
691226
691227
691228
691229
971169
971170
971171
971172
971173
971174
971175
971176
971177
971178
971179
971180
971181
971182
971183
971184
971185
971186
971187
971188
971189
971190
971191
971192
971193
971194
971195
971196
971197
971198
971199
971200
971201
971202
971203
971204
971205
971206
971207
971208
971209
971210
971211
971212
971213
971214
971215
971216
971217
971218
971219
971220
971221
971222
971223
971224
971225
971226
971227
971228
971229
971230
971231
971232
971233
971234
971235
971236
971237
971238
971239
971240
971241
971242
971243
971244
971245
971246
971247
971248
971249
971250
971251
971252
971253
971254
971255
971256
971257
971258
971259
971260
971261
971262
971263
971264
971265
971266
971267
971268
971269
971270
971271
971272
971273
971274
971275
971276
971277
971278
971279
971280
971281
971282
971283
971284
971285
971286
971287
971288
971289
971290
971291
971292
971293
971294
971295
971296
971297
971298
971299
971300
971301
971302
971303
971304
971305
971306
971307
971308
971309
971310
971311
971312
971313
971314
971315
971316
971317
971318
971319
971320
971321
971322
971323
971324
971325
971326
971327
971328
971329
971330
971331
971332
971333
971334
971335
971336
971337
971338
971339
971340
971341
971342
971343
971344
971345
971346
971347
971348
971349
971350
971351
971352
971353
971354
971355
971356
971357
971358
971359
971360
971361
971362
971363
971364
971365
971366
971367
971368
971369
971370
971371
971372
971373
971374
971375
971376
971377
971378
971379
971380
971381
971382
971383
971384
971385
971386
971387
971388
971389
971390
971391
971392
971393
971394
971395
971396
971397
971398
971399
971400
971401
971402
971403
971404
971405
971406
971407
971408
971409
971410
971411
971412
971413
971414
971415
971416
971417
971418
971419
971420
971421
971422
971423
971424
971425
971426
971427
971428
971429
971430
971431
971432
971433
971434
971435
971436
971437
971438
971439
971440
971441
971442
971443
971444
971445
971446
971447
971448
971449
971450
971451
971452
971453
971454
971455
971456
971457
971458
971459
971460
971461
971462
971463
971464
971465
971466
971467
971468
971469
971470
971471
971472
971473
971474
971475
971476
971477
971478
971479
971480
971481
971482
971483
971484
971485
971486
971487
971488
971489
971490
971491
971492
971493
971494
971495
971496
971497
971498
971499
971500
971501
971502
971503
971504
971505
971506
971507
971508
971509
971510
971511
971512
971513
971514
971515
971516
971517
971518
971519
971520
971521
971522
971523
971524
971525
971526
971527
971528
971529
971530
971531
971532
971533
971534
971535
971536
971537
971538
971539
971540
971541
971542
971543
971544
971545
971546
971547
971548
971549
971550
971551
971552
971553
971554
971555
971556
971557
971558
971559
971560
971561
971562
971563
971564
971565
971566
971567
971568
971569
971570
971571
971572
971573
971574
971575
971576
971577
971578
971579
971580
971581
971582
971583
971584
971585
971586
971587
971588
971589
971590
971591
971592
971593
971594
971595
971596
971597
971598
971599
971600
971601
971602
971603
971604
971605
971606
971607
971608
971609
971610
971611
971612
971613
971614
971615
971616
971617
971618
971619
971620
971621
971622
971623
971624
971625
971626
971627
971628
971629
971630
971631
971632
971633
971634
971635
971636
971637
971638
971639
971640
971641
971642
971643
971644
971645
971646
971647
971648
971649
971650
971651
971652
971653
971654
971655
971656
971657
971658
971659
971660
971661
971662
971663
971664
971665
971666
971667
971668
971669
971670
971671
971672
971673
971674
971675
971676
971677
971678
971679
971680
971681
971682
971683
971684
971685
971686
971687
971688
971689
971690
971691
971692
971693
971694
971695
971696
971697
971698
971699
971700
971701
971702
971703
971704
971705
971706
971707
971708
971709
971710
971711
971712
971713
971714
971715
971716
971717
971718
971719
971720
971721
971722
971723
971724
971725
971726
971727
971728
971729
971730
971731
971732
971733
971734
971735
971736
971737
971738
971739
971740
971741
971742
971743
971744
971745
971746
971747
971748
971749
971750
971751
971752
971753
971754
971755
971756
971757
971758
971759
971760
971761
971762
971763
971764
971765
971766
971767
971768
971769
971770
971771
971772
971773
971774
971775
971776
971777
971778
971779
971780
971781
971782
971783
971784
971785
971786
971787
971788
971789
971790
971791
971792
971793
971794
971795
971796
971797
971798
971799
971800
971801
971802
971803
971804
971805
971806
971807
971808
971809
971810
971811
971812
971813
971814
971815
971816
971817
971818
971819
971820
971821
971822
971823
971824
971825
971826
971827
971828
971829
971830
971831
971832
971833
971834
971835
971836
971837
971838
971839
971840
971841
971842
971843
971844
971845
971846
971847
971848
971849
971850
971851
971852
971853
971854
971855
971856
971857
971858
971859
971860
971861
971862
971863
971864
971865
971866
971867
971868
971869
971870
971871
971872
971873
971874
971875
971876
971877
971878
971879
971880
971881
971882
971883
971884
971885
971886
971887
971888
971889
971890
971891
971892
971893
971894
971895
971896
971897
971898
971899
971900
971901
971902
971903
971904
971905
971906
971907
971908
971909
971910
971911
971912
971913
971914
971915
971916
971917
971918
971919
971920
971921
971922
971923
971924
971925
971926
971927
971928
971929
971930
971931
971932
971933
971934
971935
971936
971937
971938
971939
971940
971941
971942
971943
971944
971945
971946
971947
971948
971949
971950
971951
971952
971953
971954
971955
971956
971957
971958
971959
971960
971961
971962
971963
971964
971965
971966
971967
971968
971969
971970
971971
971972
971973
971974
971975
971976
971977
971978
971979
971980
971981
971982
971983
971984
971985
971986
971987
971988
971989
971990
971991
971992
971993
971994
971995
971996
971997
971998
971999
972000
972001
972002
972003
972004
972005
972006
972007
972008
972009
972010
972011
972012
972013
972014
972015
972016
972017
972018
972019
972020
972021
972022
972023
972024
972025
972026
972027
972028
972029
972030
972031
972032
972033
972034
972035
972036
972037
972038
972039
972040
972041
972042
972043
972044
972045
972046
972047
972048
972049
972050
972051
972052
972053
972054
972055
972056
972057
972058
972059
972060
972061
972062
972063
972064
972065
972066
972067
972068
972069
972070
972071
972072
972073
972074
972075
972076
972077
972078
972079
972080
972081
972082
972083
972084
972085
972086
972087
972088
972089
972090
972091
972092
972093
972094
972095
972096
972097
972098
972099
972100
972101
972102
972103
972104
972105
972106
972107
972108
972109
972110
972111
972112
972113
972114
972115
972116
972117
972118
972119
972120
972121
972122
972123
972124
972125
972126
972127
972128
972129
972130
972131
972132
972133
972134
972135
972136
972137
972138
972139
972140
972141
972142
972143
972144
972145
972146
972147
972148
972149
972150
972151
972152
972153
972154
972155
972156
972157
972158
972159
972160
972161
972162
972163
972164
972165
972166
972167
972168

